2781 408 341
282 189 -1 0
285 188 -1 0
284 188 -1 0
283 188 -1 0
282 188 -1 0
281 188 -1 0
280 188 -1 0
279 188 -1 0
286 187 -1 0
285 187 -1 0
284 187 -1 0
283 187 -1 0
282 187 -1 0
281 187 -1 0
280 187 -1 0
279 187 -1 0
278 187 -1 0
286 186 -1 0
285 186 -1 0
284 186 -1 0
283 186 -1 0
282 186 -1 0
281 186 -1 0
280 186 -1 0
279 186 -1 0
278 186 -1 0
286 185 -1 0
285 185 -1 0
284 185 -1 0
283 185 -1 0
282 185 -1 0
281 185 -1 0
280 185 -1 0
279 185 -1 0
278 185 -1 0
287 184 -1 0
286 184 -1 0
285 184 -1 0
284 184 -1 0
283 184 -1 0
282 184 -1 0
281 184 -1 0
280 184 -1 0
279 184 -1 0
278 184 -1 0
277 184 -1 0
287 183 -1 0
286 183 -1 0
285 183 -1 0
284 183 -1 0
283 183 -1 0
282 183 -1 0
281 183 -1 0
280 183 -1 0
279 183 -1 0
278 183 -1 0
277 183 -1 0
287 182 -1 0
286 182 -1 0
285 182 -1 0
284 182 -1 0
283 182 -1 0
282 182 -1 0
281 182 -1 0
280 182 -1 0
279 182 -1 0
278 182 -1 0
277 182 -1 0
287 181 -1 0
286 181 -1 0
285 181 -1 0
284 181 -1 0
283 181 -1 0
282 181 -1 0
281 181 -1 0
280 181 -1 0
279 181 -1 0
278 181 -1 0
277 181 -1 0
287 180 -1 0
286 180 -1 0
285 180 -1 0
284 180 -1 0
283 180 -1 0
282 180 -1 0
281 180 -1 0
280 180 -1 0
279 180 -1 0
278 180 -1 0
277 180 -1 0
287 179 -1 0
286 179 -1 0
285 179 -1 0
284 179 -1 0
283 179 -1 0
282 179 -1 0
281 179 -1 0
280 179 -1 0
279 179 -1 0
278 179 -1 0
277 179 -1 0
287 178 -1 0
286 178 -1 0
285 178 -1 0
284 178 -1 0
283 178 -1 0
282 178 -1 0
281 178 -1 0
280 178 -1 0
279 178 -1 0
278 178 -1 0
277 178 -1 0
287 177 -1 0
286 177 -1 0
285 177 -1 0
284 177 -1 0
283 177 -1 0
282 177 -1 0
281 177 -1 0
280 177 -1 0
279 177 -1 0
278 177 -1 0
277 177 -1 0
287 176 -1 0
286 176 -1 0
285 176 -1 0
284 176 -1 0
283 176 -1 0
282 176 -1 0
281 176 -1 0
280 176 -1 0
279 176 -1 0
278 176 -1 0
277 176 -1 0
286 175 -1 0
285 175 -1 0
284 175 -1 0
283 175 -1 0
282 175 -1 0
281 175 -1 0
280 175 -1 0
279 175 -1 0
278 175 -1 0
277 175 -1 0
287 174 -1 0
286 174 -1 0
285 174 -1 0
284 174 -1 0
283 174 -1 0
282 174 -1 0
281 174 -1 0
280 174 -1 0
279 174 -1 0
278 174 -1 0
277 174 -1 0
286 173 -1 0
285 173 -1 0
284 173 -1 0
283 173 -1 0
282 173 -1 0
281 173 -1 0
280 173 -1 0
279 173 -1 0
278 173 -1 0
277 173 -1 0
276 173 -1 0
286 172 -1 0
285 172 -1 0
284 172 -1 0
283 172 -1 0
282 172 -1 0
281 172 -1 0
280 172 -1 0
279 172 -1 0
278 172 -1 0
277 172 -1 0
276 172 -1 0
286 171 -1 0
285 171 -1 0
284 171 -1 0
283 171 -1 0
282 171 -1 0
281 171 -1 0
280 171 -1 0
279 171 -1 0
278 171 -1 0
277 171 -1 0
276 171 -1 0
286 170 -1 0
285 170 -1 0
284 170 -1 0
283 170 -1 0
282 170 -1 0
281 170 -1 0
280 170 -1 0
279 170 -1 0
278 170 -1 0
277 170 -1 0
276 170 -1 0
286 169 -1 0
285 169 -1 0
284 169 -1 0
283 169 -1 0
282 169 -1 0
281 169 -1 0
280 169 -1 0
279 169 -1 0
278 169 -1 0
277 169 -1 0
276 169 -1 0
285 168 -1 0
284 168 -1 0
283 168 -1 0
282 168 -1 0
281 168 -1 0
280 168 -1 0
279 168 -1 0
278 168 -1 0
277 168 -1 0
286 167 -1 0
285 167 -1 0
284 167 -1 0
283 167 -1 0
282 167 -1 0
281 167 -1 0
280 167 -1 0
279 167 -1 0
278 167 -1 0
277 167 -1 0
276 167 -1 0
285 166 -1 0
284 166 -1 0
283 166 -1 0
282 166 -1 0
281 166 -1 0
280 166 -1 0
279 166 -1 0
278 166 -1 0
277 166 -1 0
286 165 -1 0
285 165 -1 0
284 165 -1 0
283 165 -1 0
282 165 -1 0
281 165 -1 0
280 165 -1 0
279 165 -1 0
278 165 -1 0
277 165 -1 0
276 165 -1 0
286 164 -1 0
285 164 -1 0
284 164 -1 0
283 164 -1 0
282 164 -1 0
281 164 -1 0
280 164 -1 0
279 164 -1 0
278 164 -1 0
277 164 -1 0
276 164 -1 0
285 163 -1 0
284 163 -1 0
283 163 -1 0
282 163 -1 0
281 163 -1 0
280 163 -1 0
279 163 -1 0
278 163 -1 0
277 163 -1 0
286 162 -1 0
285 162 -1 0
284 162 -1 0
283 162 -1 0
282 162 -1 0
281 162 -1 0
280 162 -1 0
279 162 -1 0
278 162 -1 0
277 162 -1 0
276 162 -1 0
176 162 -1 1
286 161 -1 0
285 161 -1 0
284 161 -1 0
283 161 -1 0
282 161 -1 0
281 161 -1 0
280 161 -1 0
279 161 -1 0
278 161 -1 0
277 161 -1 0
276 161 -1 0
179 161 -1 1
178 161 -1 1
177 161 -1 1
176 161 -1 1
175 161 -1 1
174 161 -1 1
173 161 -1 1
286 160 -1 0
285 160 -1 0
284 160 -1 0
283 160 -1 0
282 160 -1 0
281 160 -1 0
280 160 -1 0
279 160 -1 0
278 160 -1 0
277 160 -1 0
276 160 -1 0
180 160 -1 1
179 160 -1 1
178 160 -1 1
177 160 -1 1
176 160 -1 1
175 160 -1 1
174 160 -1 1
173 160 -1 1
172 160 -1 1
285 159 -1 0
284 159 -1 0
283 159 -1 0
282 159 -1 0
281 159 -1 0
280 159 -1 0
279 159 -1 0
278 159 -1 0
277 159 -1 0
181 159 -1 1
180 159 -1 1
179 159 -1 1
178 159 -1 1
177 159 -1 1
176 159 -1 1
175 159 -1 1
174 159 -1 1
173 159 -1 1
172 159 -1 1
285 158 -1 0
284 158 -1 0
283 158 -1 0
282 158 -1 0
281 158 -1 0
280 158 -1 0
279 158 -1 0
278 158 -1 0
277 158 -1 0
182 158 -1 1
181 158 -1 1
180 158 -1 1
179 158 -1 1
178 158 -1 1
177 158 -1 1
176 158 -1 1
175 158 -1 1
174 158 -1 1
173 158 -1 1
172 158 -1 1
286 157 -1 0
285 157 -1 0
284 157 -1 0
283 157 -1 0
282 157 -1 0
281 157 -1 0
280 157 -1 0
279 157 -1 0
278 157 -1 0
277 157 -1 0
276 157 -1 0
184 157 -1 1
183 157 -1 1
182 157 -1 1
181 157 -1 1
180 157 -1 1
179 157 -1 1
178 157 -1 1
177 157 -1 1
176 157 -1 1
175 157 -1 1
174 157 -1 1
173 157 -1 1
172 157 -1 1
171 157 -1 1
286 156 -1 0
285 156 -1 0
284 156 -1 0
283 156 -1 0
282 156 -1 0
281 156 -1 0
280 156 -1 0
279 156 -1 0
278 156 -1 0
277 156 -1 0
276 156 -1 0
186 156 -1 1
185 156 -1 1
184 156 -1 1
183 156 -1 1
182 156 -1 1
181 156 -1 1
180 156 -1 1
179 156 -1 1
178 156 -1 1
177 156 -1 1
176 156 -1 1
175 156 -1 1
174 156 -1 1
173 156 -1 1
172 156 -1 1
171 156 -1 1
286 155 -1 0
285 155 -1 0
284 155 -1 0
283 155 -1 0
282 155 -1 0
281 155 -1 0
280 155 -1 0
279 155 -1 0
278 155 -1 0
277 155 -1 0
276 155 -1 0
188 155 -1 1
187 155 -1 1
186 155 -1 1
185 155 -1 1
184 155 -1 1
183 155 -1 1
182 155 -1 1
181 155 -1 1
180 155 -1 1
179 155 -1 1
178 155 -1 1
177 155 -1 1
176 155 -1 1
175 155 -1 1
174 155 -1 1
173 155 -1 1
172 155 -1 1
286 154 -1 0
285 154 -1 0
284 154 -1 0
283 154 -1 0
282 154 -1 0
281 154 -1 0
280 154 -1 0
279 154 -1 0
278 154 -1 0
277 154 -1 0
276 154 -1 0
189 154 -1 1
188 154 -1 1
187 154 -1 1
186 154 -1 1
185 154 -1 1
184 154 -1 1
183 154 -1 1
182 154 -1 1
181 154 -1 1
180 154 -1 1
179 154 -1 1
178 154 -1 1
177 154 -1 1
176 154 -1 1
175 154 -1 1
174 154 -1 1
173 154 -1 1
172 154 -1 1
286 153 -1 0
285 153 -1 0
284 153 -1 0
283 153 -1 0
282 153 -1 0
281 153 -1 0
280 153 -1 0
279 153 -1 0
278 153 -1 0
277 153 -1 0
276 153 -1 0
275 153 -1 0
189 153 -1 1
188 153 -1 1
187 153 -1 1
186 153 -1 1
185 153 -1 1
184 153 -1 1
183 153 -1 1
182 153 -1 1
181 153 -1 1
180 153 -1 1
179 153 -1 1
178 153 -1 1
177 153 -1 1
176 153 -1 1
175 153 -1 1
174 153 -1 1
173 153 -1 1
172 153 -1 1
286 152 -1 0
285 152 -1 0
284 152 -1 0
283 152 -1 0
282 152 -1 0
281 152 -1 0
280 152 -1 0
279 152 -1 0
278 152 -1 0
277 152 -1 0
276 152 -1 0
275 152 -1 0
190 152 -1 1
189 152 -1 1
188 152 -1 1
187 152 -1 1
186 152 -1 1
185 152 -1 1
184 152 -1 1
183 152 -1 1
182 152 -1 1
181 152 -1 1
180 152 -1 1
179 152 -1 1
178 152 -1 1
177 152 -1 1
176 152 -1 1
175 152 -1 1
174 152 -1 1
173 152 -1 1
285 151 -1 0
284 151 -1 0
283 151 -1 0
282 151 -1 0
281 151 -1 0
280 151 -1 0
279 151 -1 0
278 151 -1 0
277 151 -1 0
276 151 -1 0
275 151 -1 0
191 151 -1 1
190 151 -1 1
189 151 -1 1
188 151 -1 1
187 151 -1 1
186 151 -1 1
185 151 -1 1
184 151 -1 1
183 151 -1 1
182 151 -1 1
181 151 -1 1
180 151 -1 1
179 151 -1 1
178 151 -1 1
177 151 -1 1
176 151 -1 1
175 151 -1 1
174 151 -1 1
285 150 -1 0
284 150 -1 0
283 150 -1 0
282 150 -1 0
281 150 -1 0
280 150 -1 0
279 150 -1 0
278 150 -1 0
277 150 -1 0
276 150 -1 0
275 150 -1 0
274 150 -1 0
193 150 -1 1
192 150 -1 1
191 150 -1 1
190 150 -1 1
189 150 -1 1
188 150 -1 1
187 150 -1 1
186 150 -1 1
185 150 -1 1
184 150 -1 1
183 150 -1 1
182 150 -1 1
181 150 -1 1
180 150 -1 1
179 150 -1 1
178 150 -1 1
177 150 -1 1
176 150 -1 1
175 150 -1 1
285 149 -1 0
284 149 -1 0
283 149 -1 0
282 149 -1 0
281 149 -1 0
280 149 -1 0
279 149 -1 0
278 149 -1 0
277 149 -1 0
276 149 -1 0
275 149 -1 0
274 149 -1 0
194 149 -1 1
193 149 -1 1
192 149 -1 1
191 149 -1 1
190 149 -1 1
189 149 -1 1
188 149 -1 1
187 149 -1 1
186 149 -1 1
185 149 -1 1
184 149 -1 1
183 149 -1 1
182 149 -1 1
181 149 -1 1
180 149 -1 1
179 149 -1 1
178 149 -1 1
177 149 -1 1
284 148 -1 0
283 148 -1 0
282 148 -1 0
281 148 -1 0
280 148 -1 0
279 148 -1 0
278 148 -1 0
277 148 -1 0
276 148 -1 0
275 148 -1 0
274 148 -1 0
196 148 -1 1
195 148 -1 1
194 148 -1 1
193 148 -1 1
192 148 -1 1
191 148 -1 1
190 148 -1 1
189 148 -1 1
188 148 -1 1
187 148 -1 1
186 148 -1 1
185 148 -1 1
184 148 -1 1
183 148 -1 1
182 148 -1 1
181 148 -1 1
180 148 -1 1
179 148 -1 1
284 147 -1 0
283 147 -1 0
282 147 -1 0
281 147 -1 0
280 147 -1 0
279 147 -1 0
278 147 -1 0
277 147 -1 0
276 147 -1 0
275 147 -1 0
274 147 -1 0
197 147 -1 1
196 147 -1 1
195 147 -1 1
194 147 -1 1
193 147 -1 1
192 147 -1 1
191 147 -1 1
190 147 -1 1
189 147 -1 1
188 147 -1 1
187 147 -1 1
186 147 -1 1
185 147 -1 1
184 147 -1 1
183 147 -1 1
182 147 -1 1
181 147 -1 1
284 146 -1 0
283 146 -1 0
282 146 -1 0
281 146 -1 0
280 146 -1 0
279 146 -1 0
278 146 -1 0
277 146 -1 0
276 146 -1 0
275 146 -1 0
274 146 -1 0
198 146 -1 1
197 146 -1 1
196 146 -1 1
195 146 -1 1
194 146 -1 1
193 146 -1 1
192 146 -1 1
191 146 -1 1
190 146 -1 1
189 146 -1 1
188 146 -1 1
187 146 -1 1
186 146 -1 1
185 146 -1 1
184 146 -1 1
183 146 -1 1
182 146 -1 1
284 145 -1 0
283 145 -1 0
282 145 -1 0
281 145 -1 0
280 145 -1 0
279 145 -1 0
278 145 -1 0
277 145 -1 0
276 145 -1 0
275 145 -1 0
274 145 -1 0
199 145 -1 1
198 145 -1 1
197 145 -1 1
196 145 -1 1
195 145 -1 1
194 145 -1 1
193 145 -1 1
192 145 -1 1
191 145 -1 1
190 145 -1 1
189 145 -1 1
188 145 -1 1
187 145 -1 1
186 145 -1 1
185 145 -1 1
184 145 -1 1
183 145 -1 1
182 145 -1 1
284 144 -1 0
283 144 -1 0
282 144 -1 0
281 144 -1 0
280 144 -1 0
279 144 -1 0
278 144 -1 0
277 144 -1 0
276 144 -1 0
275 144 -1 0
274 144 -1 0
200 144 -1 1
199 144 -1 1
198 144 -1 1
197 144 -1 1
196 144 -1 1
195 144 -1 1
194 144 -1 1
193 144 -1 1
192 144 -1 1
191 144 -1 1
190 144 -1 1
189 144 -1 1
188 144 -1 1
187 144 -1 1
186 144 -1 1
185 144 -1 1
184 144 -1 1
183 144 -1 1
284 143 -1 0
283 143 -1 0
282 143 -1 0
281 143 -1 0
280 143 -1 0
279 143 -1 0
278 143 -1 0
277 143 -1 0
276 143 -1 0
275 143 -1 0
274 143 -1 0
203 143 -1 1
202 143 -1 1
201 143 -1 1
200 143 -1 1
199 143 -1 1
198 143 -1 1
197 143 -1 1
196 143 -1 1
195 143 -1 1
194 143 -1 1
193 143 -1 1
192 143 -1 1
191 143 -1 1
190 143 -1 1
189 143 -1 1
188 143 -1 1
187 143 -1 1
186 143 -1 1
185 143 -1 1
184 143 -1 1
284 142 -1 0
283 142 -1 0
282 142 -1 0
281 142 -1 0
280 142 -1 0
279 142 -1 0
278 142 -1 0
277 142 -1 0
276 142 -1 0
275 142 -1 0
274 142 -1 0
204 142 -1 1
203 142 -1 1
202 142 -1 1
201 142 -1 1
200 142 -1 1
199 142 -1 1
198 142 -1 1
197 142 -1 1
196 142 -1 1
195 142 -1 1
194 142 -1 1
193 142 -1 1
192 142 -1 1
191 142 -1 1
190 142 -1 1
189 142 -1 1
188 142 -1 1
187 142 -1 1
186 142 -1 1
185 142 -1 1
284 141 -1 0
283 141 -1 0
282 141 -1 0
281 141 -1 0
280 141 -1 0
279 141 -1 0
278 141 -1 0
277 141 -1 0
276 141 -1 0
275 141 -1 0
274 141 -1 0
205 141 -1 1
204 141 -1 1
203 141 -1 1
202 141 -1 1
201 141 -1 1
200 141 -1 1
199 141 -1 1
198 141 -1 1
197 141 -1 1
196 141 -1 1
195 141 -1 1
194 141 -1 1
193 141 -1 1
192 141 -1 1
191 141 -1 1
190 141 -1 1
189 141 -1 1
188 141 -1 1
284 140 -1 0
283 140 -1 0
282 140 -1 0
281 140 -1 0
280 140 -1 0
279 140 -1 0
278 140 -1 0
277 140 -1 0
276 140 -1 0
275 140 -1 0
274 140 -1 0
206 140 -1 1
205 140 -1 1
204 140 -1 1
203 140 -1 1
202 140 -1 1
201 140 -1 1
200 140 -1 1
199 140 -1 1
198 140 -1 1
197 140 -1 1
196 140 -1 1
195 140 -1 1
194 140 -1 1
193 140 -1 1
192 140 -1 1
191 140 -1 1
190 140 -1 1
189 140 -1 1
283 139 -1 0
282 139 -1 0
281 139 -1 0
280 139 -1 0
279 139 -1 0
278 139 -1 0
277 139 -1 0
276 139 -1 0
275 139 -1 0
274 139 -1 0
273 139 -1 0
208 139 -1 1
207 139 -1 1
206 139 -1 1
205 139 -1 1
204 139 -1 1
203 139 -1 1
202 139 -1 1
201 139 -1 1
200 139 -1 1
199 139 -1 1
198 139 -1 1
197 139 -1 1
196 139 -1 1
195 139 -1 1
194 139 -1 1
193 139 -1 1
192 139 -1 1
191 139 -1 1
190 139 -1 1
283 138 -1 0
282 138 -1 0
281 138 -1 0
280 138 -1 0
279 138 -1 0
278 138 -1 0
277 138 -1 0
276 138 -1 0
275 138 -1 0
274 138 -1 0
273 138 -1 0
210 138 -1 1
209 138 -1 1
208 138 -1 1
207 138 -1 1
206 138 -1 1
205 138 -1 1
204 138 -1 1
203 138 -1 1
202 138 -1 1
201 138 -1 1
200 138 -1 1
199 138 -1 1
198 138 -1 1
197 138 -1 1
196 138 -1 1
195 138 -1 1
194 138 -1 1
193 138 -1 1
192 138 -1 1
191 138 -1 1
283 137 -1 0
282 137 -1 0
281 137 -1 0
280 137 -1 0
279 137 -1 0
278 137 -1 0
277 137 -1 0
276 137 -1 0
275 137 -1 0
274 137 -1 0
273 137 -1 0
212 137 -1 1
211 137 -1 1
210 137 -1 1
209 137 -1 1
208 137 -1 1
207 137 -1 1
206 137 -1 1
205 137 -1 1
204 137 -1 1
203 137 -1 1
202 137 -1 1
201 137 -1 1
200 137 -1 1
199 137 -1 1
198 137 -1 1
197 137 -1 1
196 137 -1 1
195 137 -1 1
194 137 -1 1
193 137 -1 1
192 137 -1 1
283 136 -1 0
282 136 -1 0
281 136 -1 0
280 136 -1 0
279 136 -1 0
278 136 -1 0
277 136 -1 0
276 136 -1 0
275 136 -1 0
274 136 -1 0
273 136 -1 0
213 136 -1 1
212 136 -1 1
211 136 -1 1
210 136 -1 1
209 136 -1 1
208 136 -1 1
207 136 -1 1
206 136 -1 1
205 136 -1 1
204 136 -1 1
203 136 -1 1
202 136 -1 1
201 136 -1 1
200 136 -1 1
199 136 -1 1
198 136 -1 1
197 136 -1 1
196 136 -1 1
195 136 -1 1
194 136 -1 1
193 136 -1 1
283 135 -1 0
282 135 -1 0
281 135 -1 0
280 135 -1 0
279 135 -1 0
278 135 -1 0
277 135 -1 0
276 135 -1 0
275 135 -1 0
274 135 -1 0
273 135 -1 0
214 135 -1 1
213 135 -1 1
212 135 -1 1
211 135 -1 1
210 135 -1 1
209 135 -1 1
208 135 -1 1
207 135 -1 1
206 135 -1 1
205 135 -1 1
204 135 -1 1
203 135 -1 1
202 135 -1 1
201 135 -1 1
200 135 -1 1
199 135 -1 1
198 135 -1 1
197 135 -1 1
196 135 -1 1
195 135 -1 1
283 134 -1 0
282 134 -1 0
281 134 -1 0
280 134 -1 0
279 134 -1 0
278 134 -1 0
277 134 -1 0
276 134 -1 0
275 134 -1 0
274 134 -1 0
273 134 -1 0
215 134 -1 1
214 134 -1 1
213 134 -1 1
212 134 -1 1
211 134 -1 1
210 134 -1 1
209 134 -1 1
208 134 -1 1
207 134 -1 1
206 134 -1 1
205 134 -1 1
204 134 -1 1
203 134 -1 1
202 134 -1 1
201 134 -1 1
200 134 -1 1
199 134 -1 1
198 134 -1 1
282 133 -1 0
281 133 -1 0
280 133 -1 0
279 133 -1 0
278 133 -1 0
277 133 -1 0
276 133 -1 0
275 133 -1 0
274 133 -1 0
273 133 -1 0
272 133 -1 0
217 133 -1 1
216 133 -1 1
215 133 -1 1
214 133 -1 1
213 133 -1 1
212 133 -1 1
211 133 -1 1
210 133 -1 1
209 133 -1 1
208 133 -1 1
207 133 -1 1
206 133 -1 1
205 133 -1 1
204 133 -1 1
203 133 -1 1
202 133 -1 1
201 133 -1 1
200 133 -1 1
199 133 -1 1
282 132 -1 0
281 132 -1 0
280 132 -1 0
279 132 -1 0
278 132 -1 0
277 132 -1 0
276 132 -1 0
275 132 -1 0
274 132 -1 0
273 132 -1 0
272 132 -1 0
220 132 -1 1
219 132 -1 1
218 132 -1 1
217 132 -1 1
216 132 -1 1
215 132 -1 1
214 132 -1 1
213 132 -1 1
212 132 -1 1
211 132 -1 1
210 132 -1 1
209 132 -1 1
208 132 -1 1
207 132 -1 1
206 132 -1 1
205 132 -1 1
204 132 -1 1
203 132 -1 1
202 132 -1 1
201 132 -1 1
200 132 -1 1
199 132 -1 1
282 131 -1 0
281 131 -1 0
280 131 -1 0
279 131 -1 0
278 131 -1 0
277 131 -1 0
276 131 -1 0
275 131 -1 0
274 131 -1 0
273 131 -1 0
272 131 -1 0
221 131 -1 1
220 131 -1 1
219 131 -1 1
218 131 -1 1
217 131 -1 1
216 131 -1 1
215 131 -1 1
214 131 -1 1
213 131 -1 1
212 131 -1 1
211 131 -1 1
210 131 -1 1
209 131 -1 1
208 131 -1 1
207 131 -1 1
206 131 -1 1
205 131 -1 1
204 131 -1 1
203 131 -1 1
202 131 -1 1
201 131 -1 1
200 131 -1 1
281 130 -1 0
280 130 -1 0
279 130 -1 0
278 130 -1 0
277 130 -1 0
276 130 -1 0
275 130 -1 0
274 130 -1 0
273 130 -1 0
272 130 -1 0
271 130 -1 0
221 130 -1 1
220 130 -1 1
219 130 -1 1
218 130 -1 1
217 130 -1 1
216 130 -1 1
215 130 -1 1
214 130 -1 1
213 130 -1 1
212 130 -1 1
211 130 -1 1
210 130 -1 1
209 130 -1 1
208 130 -1 1
207 130 -1 1
206 130 -1 1
205 130 -1 1
204 130 -1 1
203 130 -1 1
281 129 -1 0
280 129 -1 0
279 129 -1 0
278 129 -1 0
277 129 -1 0
276 129 -1 0
275 129 -1 0
274 129 -1 0
273 129 -1 0
272 129 -1 0
271 129 -1 0
221 129 -1 1
220 129 -1 1
219 129 -1 1
218 129 -1 1
217 129 -1 1
216 129 -1 1
215 129 -1 1
214 129 -1 1
213 129 -1 1
212 129 -1 1
211 129 -1 1
210 129 -1 1
209 129 -1 1
208 129 -1 1
207 129 -1 1
206 129 -1 1
205 129 -1 1
204 129 -1 1
281 128 -1 0
280 128 -1 0
279 128 -1 0
278 128 -1 0
277 128 -1 0
276 128 -1 0
275 128 -1 0
274 128 -1 0
273 128 -1 0
272 128 -1 0
271 128 -1 0
222 128 -1 1
221 128 -1 1
220 128 -1 1
219 128 -1 1
218 128 -1 1
217 128 -1 1
216 128 -1 1
215 128 -1 1
214 128 -1 1
213 128 -1 1
212 128 -1 1
211 128 -1 1
210 128 -1 1
209 128 -1 1
208 128 -1 1
207 128 -1 1
206 128 -1 1
281 127 -1 0
280 127 -1 0
279 127 -1 0
278 127 -1 0
277 127 -1 0
276 127 -1 0
275 127 -1 0
274 127 -1 0
273 127 -1 0
272 127 -1 0
271 127 -1 0
222 127 -1 1
221 127 -1 1
220 127 -1 1
219 127 -1 1
218 127 -1 1
217 127 -1 1
216 127 -1 1
215 127 -1 1
214 127 -1 1
213 127 -1 1
212 127 -1 1
211 127 -1 1
210 127 -1 1
209 127 -1 1
208 127 -1 1
207 127 -1 1
280 126 -1 0
279 126 -1 0
278 126 -1 0
277 126 -1 0
276 126 -1 0
275 126 -1 0
274 126 -1 0
273 126 -1 0
272 126 -1 0
271 126 -1 0
270 126 -1 0
221 126 -1 1
220 126 -1 1
219 126 -1 1
218 126 -1 1
217 126 -1 1
216 126 -1 1
215 126 -1 1
214 126 -1 1
213 126 -1 1
212 126 -1 1
211 126 -1 1
210 126 -1 1
209 126 -1 1
208 126 -1 1
280 125 -1 0
279 125 -1 0
278 125 -1 0
277 125 -1 0
276 125 -1 0
275 125 -1 0
274 125 -1 0
273 125 -1 0
272 125 -1 0
271 125 -1 0
270 125 -1 0
221 125 -1 1
220 125 -1 1
219 125 -1 1
218 125 -1 1
217 125 -1 1
216 125 -1 1
215 125 -1 1
214 125 -1 1
213 125 -1 1
212 125 -1 1
211 125 -1 1
210 125 -1 1
209 125 -1 1
280 124 -1 0
279 124 -1 0
278 124 -1 0
277 124 -1 0
276 124 -1 0
275 124 -1 0
274 124 -1 0
273 124 -1 0
272 124 -1 0
271 124 -1 0
270 124 -1 0
221 124 -1 1
220 124 -1 1
219 124 -1 1
218 124 -1 1
217 124 -1 1
216 124 -1 1
215 124 -1 1
214 124 -1 1
213 124 -1 1
212 124 -1 1
279 123 -1 0
278 123 -1 0
277 123 -1 0
276 123 -1 0
275 123 -1 0
274 123 -1 0
273 123 -1 0
272 123 -1 0
271 123 -1 0
270 123 -1 0
269 123 -1 0
220 123 -1 1
219 123 -1 1
218 123 -1 1
217 123 -1 1
216 123 -1 1
215 123 -1 1
214 123 -1 1
279 122 -1 0
278 122 -1 0
277 122 -1 0
276 122 -1 0
275 122 -1 0
274 122 -1 0
273 122 -1 0
272 122 -1 0
271 122 -1 0
270 122 -1 0
269 122 -1 0
217 122 -1 1
279 121 -1 0
278 121 -1 0
277 121 -1 0
276 121 -1 0
275 121 -1 0
274 121 -1 0
273 121 -1 0
272 121 -1 0
271 121 -1 0
270 121 -1 0
269 121 -1 0
278 120 -1 0
277 120 -1 0
276 120 -1 0
275 120 -1 0
274 120 -1 0
273 120 -1 0
272 120 -1 0
271 120 -1 0
270 120 -1 0
269 120 -1 0
278 119 -1 0
277 119 -1 0
276 119 -1 0
275 119 -1 0
274 119 -1 0
273 119 -1 0
272 119 -1 0
271 119 -1 0
270 119 -1 0
269 119 -1 0
268 119 -1 0
279 118 -1 0
278 118 -1 0
277 118 -1 0
276 118 -1 0
275 118 -1 0
274 118 -1 0
273 118 -1 0
272 118 -1 0
271 118 -1 0
270 118 -1 0
269 118 -1 0
268 118 -1 0
278 117 -1 0
277 117 -1 0
276 117 -1 0
275 117 -1 0
274 117 -1 0
273 117 -1 0
272 117 -1 0
271 117 -1 0
270 117 -1 0
269 117 -1 0
268 117 -1 0
278 116 -1 0
277 116 -1 0
276 116 -1 0
275 116 -1 0
274 116 -1 0
273 116 -1 0
272 116 -1 0
271 116 -1 0
270 116 -1 0
269 116 -1 0
268 116 -1 0
267 116 -1 0
278 115 -1 0
277 115 -1 0
276 115 -1 0
275 115 -1 0
274 115 -1 0
273 115 -1 0
272 115 -1 0
271 115 -1 0
270 115 -1 0
269 115 -1 0
268 115 -1 0
267 115 -1 0
277 114 -1 0
276 114 -1 0
275 114 -1 0
274 114 -1 0
273 114 -1 0
272 114 -1 0
271 114 -1 0
270 114 -1 0
269 114 -1 0
268 114 -1 0
267 114 -1 0
277 113 -1 0
276 113 -1 0
275 113 -1 0
274 113 -1 0
273 113 -1 0
272 113 -1 0
271 113 -1 0
270 113 -1 0
269 113 -1 0
268 113 -1 0
267 113 -1 0
276 112 -1 0
275 112 -1 0
274 112 -1 0
273 112 -1 0
272 112 -1 0
271 112 -1 0
270 112 -1 0
269 112 -1 0
268 112 -1 0
267 112 -1 0
276 111 -1 0
275 111 -1 0
274 111 -1 0
273 111 -1 0
272 111 -1 0
271 111 -1 0
270 111 -1 0
269 111 -1 0
268 111 -1 0
267 111 -1 0
276 110 -1 0
275 110 -1 0
274 110 -1 0
273 110 -1 0
272 110 -1 0
271 110 -1 0
270 110 -1 0
269 110 -1 0
268 110 -1 0
267 110 -1 0
266 110 -1 0
275 109 -1 0
274 109 -1 0
273 109 -1 0
272 109 -1 0
271 109 -1 0
270 109 -1 0
269 109 -1 0
268 109 -1 0
267 109 -1 0
276 108 -1 0
275 108 -1 0
274 108 -1 0
273 108 -1 0
272 108 -1 0
271 108 -1 0
270 108 -1 0
269 108 -1 0
268 108 -1 0
267 108 -1 0
266 108 -1 0
275 107 -1 0
274 107 -1 0
273 107 -1 0
272 107 -1 0
271 107 -1 0
270 107 -1 0
269 107 -1 0
268 107 -1 0
267 107 -1 0
275 106 -1 0
274 106 -1 0
273 106 -1 0
272 106 -1 0
271 106 -1 0
270 106 -1 0
269 106 -1 0
268 106 -1 0
267 106 -1 0
276 105 -1 0
275 105 -1 0
274 105 -1 0
273 105 -1 0
272 105 -1 0
271 105 -1 0
270 105 -1 0
269 105 -1 0
268 105 -1 0
267 105 -1 0
266 105 -1 0
275 104 -1 0
274 104 -1 0
273 104 -1 0
272 104 -1 0
271 104 -1 0
270 104 -1 0
269 104 -1 0
268 104 -1 0
267 104 -1 0
276 103 -1 0
275 103 -1 0
274 103 -1 0
273 103 -1 0
272 103 -1 0
271 103 -1 0
270 103 -1 0
269 103 -1 0
268 103 -1 0
267 103 -1 0
266 103 -1 0
275 102 -1 0
274 102 -1 0
273 102 -1 0
272 102 -1 0
271 102 -1 0
270 102 -1 0
269 102 -1 0
268 102 -1 0
267 102 -1 0
275 101 -1 0
274 101 -1 0
273 101 -1 0
272 101 -1 0
271 101 -1 0
270 101 -1 0
269 101 -1 0
268 101 -1 0
267 101 -1 0
266 101 -1 0
276 100 -1 0
275 100 -1 0
274 100 -1 0
273 100 -1 0
272 100 -1 0
271 100 -1 0
270 100 -1 0
269 100 -1 0
268 100 -1 0
267 100 -1 0
266 100 -1 0
265 100 -1 0
275 99 -1 0
274 99 -1 0
273 99 -1 0
272 99 -1 0
271 99 -1 0
270 99 -1 0
269 99 -1 0
268 99 -1 0
267 99 -1 0
266 99 -1 0
265 99 -1 0
275 98 -1 0
274 98 -1 0
273 98 -1 0
272 98 -1 0
271 98 -1 0
270 98 -1 0
269 98 -1 0
268 98 -1 0
267 98 -1 0
266 98 -1 0
265 98 -1 0
275 97 -1 0
274 97 -1 0
273 97 -1 0
272 97 -1 0
271 97 -1 0
270 97 -1 0
269 97 -1 0
268 97 -1 0
267 97 -1 0
266 97 -1 0
265 97 -1 0
264 97 -1 0
274 96 -1 0
273 96 -1 0
272 96 -1 0
271 96 -1 0
270 96 -1 0
269 96 -1 0
268 96 -1 0
267 96 -1 0
266 96 -1 0
265 96 -1 0
264 96 -1 0
274 95 -1 0
273 95 -1 0
272 95 -1 0
271 95 -1 0
270 95 -1 0
269 95 -1 0
268 95 -1 0
267 95 -1 0
266 95 -1 0
265 95 -1 0
264 95 -1 0
273 94 -1 0
272 94 -1 0
271 94 -1 0
270 94 -1 0
269 94 -1 0
268 94 -1 0
267 94 -1 0
266 94 -1 0
265 94 -1 0
264 94 -1 0
274 93 -1 0
273 93 -1 0
272 93 -1 0
271 93 -1 0
270 93 -1 0
269 93 -1 0
268 93 -1 0
267 93 -1 0
266 93 -1 0
265 93 -1 0
264 93 -1 0
274 92 -1 0
273 92 -1 0
272 92 -1 0
271 92 -1 0
270 92 -1 0
269 92 -1 0
268 92 -1 0
267 92 -1 0
266 92 -1 0
265 92 -1 0
264 92 -1 0
263 92 -1 0
273 91 -1 0
272 91 -1 0
271 91 -1 0
270 91 -1 0
269 91 -1 0
268 91 -1 0
267 91 -1 0
266 91 -1 0
265 91 -1 0
264 91 -1 0
263 91 -1 0
273 90 -1 0
272 90 -1 0
271 90 -1 0
270 90 -1 0
269 90 -1 0
268 90 -1 0
267 90 -1 0
266 90 -1 0
265 90 -1 0
264 90 -1 0
263 90 -1 0
273 89 -1 0
272 89 -1 0
271 89 -1 0
270 89 -1 0
269 89 -1 0
268 89 -1 0
267 89 -1 0
266 89 -1 0
265 89 -1 0
264 89 -1 0
263 89 -1 0
262 89 -1 0
272 88 -1 0
271 88 -1 0
270 88 -1 0
269 88 -1 0
268 88 -1 0
267 88 -1 0
266 88 -1 0
265 88 -1 0
264 88 -1 0
263 88 -1 0
272 87 -1 0
271 87 -1 0
270 87 -1 0
269 87 -1 0
268 87 -1 0
267 87 -1 0
266 87 -1 0
265 87 -1 0
264 87 -1 0
263 87 -1 0
262 87 -1 0
272 86 -1 0
271 86 -1 0
270 86 -1 0
269 86 -1 0
268 86 -1 0
267 86 -1 0
266 86 -1 0
265 86 -1 0
264 86 -1 0
263 86 -1 0
262 86 -1 0
261 86 -1 0
272 85 -1 0
271 85 -1 0
270 85 -1 0
269 85 -1 0
268 85 -1 0
267 85 -1 0
266 85 -1 0
265 85 -1 0
264 85 -1 0
263 85 -1 0
262 85 -1 0
261 85 -1 0
272 84 -1 0
271 84 -1 0
270 84 -1 0
269 84 -1 0
268 84 -1 0
267 84 -1 0
266 84 -1 0
265 84 -1 0
264 84 -1 0
263 84 -1 0
262 84 -1 0
261 84 -1 0
260 84 -1 0
271 83 -1 0
270 83 -1 0
269 83 -1 0
268 83 -1 0
267 83 -1 0
266 83 -1 0
265 83 -1 0
264 83 -1 0
263 83 -1 0
262 83 -1 0
261 83 -1 0
260 83 -1 0
271 82 -1 0
270 82 -1 0
269 82 -1 0
268 82 -1 0
267 82 -1 0
266 82 -1 0
265 82 -1 0
264 82 -1 0
263 82 -1 0
262 82 -1 0
261 82 -1 0
260 82 -1 0
259 82 -1 0
258 82 -1 0
271 81 -1 0
270 81 -1 0
269 81 -1 0
268 81 -1 0
267 81 -1 0
266 81 -1 0
265 81 -1 0
264 81 -1 0
263 81 -1 0
262 81 -1 0
261 81 -1 0
260 81 -1 0
259 81 -1 0
258 81 -1 0
257 81 -1 0
270 80 -1 0
269 80 -1 0
268 80 -1 0
267 80 -1 0
266 80 -1 0
265 80 -1 0
264 80 -1 0
263 80 -1 0
262 80 -1 0
261 80 -1 0
260 80 -1 0
259 80 -1 0
258 80 -1 0
257 80 -1 0
269 79 -1 0
268 79 -1 0
267 79 -1 0
266 79 -1 0
265 79 -1 0
264 79 -1 0
263 79 -1 0
262 79 -1 0
261 79 -1 0
260 79 -1 0
259 79 -1 0
258 79 -1 0
257 79 -1 0
268 78 -1 0
267 78 -1 0
266 78 -1 0
265 78 -1 0
264 78 -1 0
263 78 -1 0
262 78 -1 0
261 78 -1 0
260 78 -1 0
259 78 -1 0
258 78 -1 0
257 78 -1 0
256 78 -1 0
268 77 -1 0
267 77 -1 0
266 77 -1 0
265 77 -1 0
264 77 -1 0
263 77 -1 0
262 77 -1 0
261 77 -1 0
260 77 -1 0
259 77 -1 0
258 77 -1 0
257 77 -1 0
256 77 -1 0
268 76 -1 0
267 76 -1 0
266 76 -1 0
265 76 -1 0
264 76 -1 0
263 76 -1 0
262 76 -1 0
261 76 -1 0
260 76 -1 0
259 76 -1 0
258 76 -1 0
257 76 -1 0
256 76 -1 0
255 76 -1 0
267 75 -1 0
266 75 -1 0
265 75 -1 0
264 75 -1 0
263 75 -1 0
262 75 -1 0
261 75 -1 0
260 75 -1 0
259 75 -1 0
258 75 -1 0
257 75 -1 0
256 75 -1 0
255 75 -1 0
266 74 -1 0
265 74 -1 0
264 74 -1 0
263 74 -1 0
262 74 -1 0
261 74 -1 0
260 74 -1 0
259 74 -1 0
258 74 -1 0
257 74 -1 0
256 74 -1 0
255 74 -1 0
254 74 -1 0
265 73 -1 0
264 73 -1 0
263 73 -1 0
262 73 -1 0
261 73 -1 0
260 73 -1 0
259 73 -1 0
258 73 -1 0
257 73 -1 0
256 73 -1 0
255 73 -1 0
254 73 -1 0
265 72 -1 0
264 72 -1 0
263 72 -1 0
262 72 -1 0
261 72 -1 0
260 72 -1 0
259 72 -1 0
258 72 -1 0
257 72 -1 0
256 72 -1 0
255 72 -1 0
254 72 -1 0
253 72 -1 0
265 71 -1 0
264 71 -1 0
263 71 -1 0
262 71 -1 0
261 71 -1 0
260 71 -1 0
259 71 -1 0
258 71 -1 0
257 71 -1 0
256 71 -1 0
255 71 -1 0
254 71 -1 0
253 71 -1 0
252 71 -1 0
264 70 -1 0
263 70 -1 0
262 70 -1 0
261 70 -1 0
260 70 -1 0
259 70 -1 0
258 70 -1 0
257 70 -1 0
256 70 -1 0
255 70 -1 0
254 70 -1 0
253 70 -1 0
252 70 -1 0
251 70 -1 0
263 69 -1 0
262 69 -1 0
261 69 -1 0
260 69 -1 0
259 69 -1 0
258 69 -1 0
257 69 -1 0
256 69 -1 0
255 69 -1 0
254 69 -1 0
253 69 -1 0
252 69 -1 0
251 69 -1 0
263 68 -1 0
262 68 -1 0
261 68 -1 0
260 68 -1 0
259 68 -1 0
258 68 -1 0
257 68 -1 0
256 68 -1 0
255 68 -1 0
254 68 -1 0
253 68 -1 0
252 68 -1 0
251 68 -1 0
250 68 -1 0
262 67 -1 0
261 67 -1 0
260 67 -1 0
259 67 -1 0
258 67 -1 0
257 67 -1 0
256 67 -1 0
255 67 -1 0
254 67 -1 0
253 67 -1 0
252 67 -1 0
251 67 -1 0
250 67 -1 0
249 67 -1 0
262 66 -1 0
261 66 -1 0
260 66 -1 0
259 66 -1 0
258 66 -1 0
257 66 -1 0
256 66 -1 0
255 66 -1 0
254 66 -1 0
253 66 -1 0
252 66 -1 0
251 66 -1 0
250 66 -1 0
249 66 -1 0
261 65 -1 0
260 65 -1 0
259 65 -1 0
258 65 -1 0
257 65 -1 0
256 65 -1 0
255 65 -1 0
254 65 -1 0
253 65 -1 0
252 65 -1 0
251 65 -1 0
250 65 -1 0
249 65 -1 0
248 65 -1 0
259 64 -1 0
258 64 -1 0
257 64 -1 0
256 64 -1 0
255 64 -1 0
254 64 -1 0
253 64 -1 0
252 64 -1 0
251 64 -1 0
250 64 -1 0
249 64 -1 0
248 64 -1 0
247 64 -1 0
246 64 -1 0
259 63 -1 0
258 63 -1 0
257 63 -1 0
256 63 -1 0
255 63 -1 0
254 63 -1 0
253 63 -1 0
252 63 -1 0
251 63 -1 0
250 63 -1 0
249 63 -1 0
248 63 -1 0
247 63 -1 0
246 63 -1 0
245 63 -1 0
258 62 -1 0
257 62 -1 0
256 62 -1 0
255 62 -1 0
254 62 -1 0
253 62 -1 0
252 62 -1 0
251 62 -1 0
250 62 -1 0
249 62 -1 0
248 62 -1 0
247 62 -1 0
246 62 -1 0
245 62 -1 0
244 62 -1 0
243 62 -1 0
257 61 -1 0
256 61 -1 0
255 61 -1 0
254 61 -1 0
253 61 -1 0
252 61 -1 0
251 61 -1 0
250 61 -1 0
249 61 -1 0
248 61 -1 0
247 61 -1 0
246 61 -1 0
245 61 -1 0
244 61 -1 0
243 61 -1 0
242 61 -1 0
256 60 -1 0
255 60 -1 0
254 60 -1 0
253 60 -1 0
252 60 -1 0
251 60 -1 0
250 60 -1 0
249 60 -1 0
248 60 -1 0
247 60 -1 0
246 60 -1 0
245 60 -1 0
244 60 -1 0
243 60 -1 0
242 60 -1 0
256 59 -1 0
255 59 -1 0
254 59 -1 0
253 59 -1 0
252 59 -1 0
251 59 -1 0
250 59 -1 0
249 59 -1 0
248 59 -1 0
247 59 -1 0
246 59 -1 0
245 59 -1 0
244 59 -1 0
243 59 -1 0
242 59 -1 0
241 59 -1 0
256 58 -1 0
255 58 -1 0
254 58 -1 0
253 58 -1 0
252 58 -1 0
251 58 -1 0
250 58 -1 0
249 58 -1 0
248 58 -1 0
247 58 -1 0
246 58 -1 0
245 58 -1 0
244 58 -1 0
243 58 -1 0
242 58 -1 0
241 58 -1 0
240 58 -1 0
239 58 -1 0
255 57 -1 0
254 57 -1 0
253 57 -1 0
252 57 -1 0
251 57 -1 0
250 57 -1 0
249 57 -1 0
248 57 -1 0
247 57 -1 0
246 57 -1 0
245 57 -1 0
244 57 -1 0
243 57 -1 0
242 57 -1 0
241 57 -1 0
240 57 -1 0
239 57 -1 0
238 57 -1 0
237 57 -1 0
253 56 -1 0
252 56 -1 0
251 56 -1 0
250 56 -1 0
249 56 -1 0
248 56 -1 0
247 56 -1 0
246 56 -1 0
245 56 -1 0
244 56 -1 0
243 56 -1 0
242 56 -1 0
241 56 -1 0
240 56 -1 0
239 56 -1 0
238 56 -1 0
237 56 -1 0
236 56 -1 0
251 55 -1 0
250 55 -1 0
249 55 -1 0
248 55 -1 0
247 55 -1 0
246 55 -1 0
245 55 -1 0
244 55 -1 0
243 55 -1 0
242 55 -1 0
241 55 -1 0
240 55 -1 0
239 55 -1 0
238 55 -1 0
237 55 -1 0
236 55 -1 0
235 55 -1 0
250 54 -1 0
249 54 -1 0
248 54 -1 0
247 54 -1 0
246 54 -1 0
245 54 -1 0
244 54 -1 0
243 54 -1 0
242 54 -1 0
241 54 -1 0
240 54 -1 0
239 54 -1 0
238 54 -1 0
237 54 -1 0
236 54 -1 0
235 54 -1 0
234 54 -1 0
249 53 -1 0
248 53 -1 0
247 53 -1 0
246 53 -1 0
245 53 -1 0
244 53 -1 0
243 53 -1 0
242 53 -1 0
241 53 -1 0
240 53 -1 0
239 53 -1 0
238 53 -1 0
237 53 -1 0
236 53 -1 0
235 53 -1 0
234 53 -1 0
249 52 -1 0
248 52 -1 0
247 52 -1 0
246 52 -1 0
245 52 -1 0
244 52 -1 0
243 52 -1 0
242 52 -1 0
241 52 -1 0
240 52 -1 0
239 52 -1 0
238 52 -1 0
237 52 -1 0
236 52 -1 0
235 52 -1 0
234 52 -1 0
233 52 -1 0
248 51 -1 0
247 51 -1 0
246 51 -1 0
245 51 -1 0
244 51 -1 0
243 51 -1 0
242 51 -1 0
241 51 -1 0
240 51 -1 0
239 51 -1 0
238 51 -1 0
237 51 -1 0
236 51 -1 0
235 51 -1 0
234 51 -1 0
233 51 -1 0
232 51 -1 0
231 51 -1 0
245 50 -1 0
244 50 -1 0
243 50 -1 0
242 50 -1 0
241 50 -1 0
240 50 -1 0
239 50 -1 0
238 50 -1 0
237 50 -1 0
236 50 -1 0
235 50 -1 0
234 50 -1 0
233 50 -1 0
232 50 -1 0
231 50 -1 0
230 50 -1 0
244 49 -1 0
243 49 -1 0
242 49 -1 0
241 49 -1 0
240 49 -1 0
239 49 -1 0
238 49 -1 0
237 49 -1 0
236 49 -1 0
235 49 -1 0
234 49 -1 0
233 49 -1 0
232 49 -1 0
231 49 -1 0
230 49 -1 0
229 49 -1 0
228 49 -1 0
227 49 -1 0
243 48 -1 0
242 48 -1 0
241 48 -1 0
240 48 -1 0
239 48 -1 0
238 48 -1 0
237 48 -1 0
236 48 -1 0
235 48 -1 0
234 48 -1 0
233 48 -1 0
232 48 -1 0
231 48 -1 0
230 48 -1 0
229 48 -1 0
228 48 -1 0
227 48 -1 0
226 48 -1 0
242 47 -1 0
241 47 -1 0
240 47 -1 0
239 47 -1 0
238 47 -1 0
237 47 -1 0
236 47 -1 0
235 47 -1 0
234 47 -1 0
233 47 -1 0
232 47 -1 0
231 47 -1 0
230 47 -1 0
229 47 -1 0
228 47 -1 0
227 47 -1 0
226 47 -1 0
225 47 -1 0
242 46 -1 0
241 46 -1 0
240 46 -1 0
239 46 -1 0
238 46 -1 0
237 46 -1 0
236 46 -1 0
235 46 -1 0
234 46 -1 0
233 46 -1 0
232 46 -1 0
231 46 -1 0
230 46 -1 0
229 46 -1 0
228 46 -1 0
227 46 -1 0
226 46 -1 0
225 46 -1 0
224 46 -1 0
242 45 -1 0
241 45 -1 0
240 45 -1 0
239 45 -1 0
238 45 -1 0
237 45 -1 0
236 45 -1 0
235 45 -1 0
234 45 -1 0
233 45 -1 0
232 45 -1 0
231 45 -1 0
230 45 -1 0
229 45 -1 0
228 45 -1 0
227 45 -1 0
226 45 -1 0
225 45 -1 0
224 45 -1 0
223 45 -1 0
241 44 -1 0
240 44 -1 0
239 44 -1 0
238 44 -1 0
237 44 -1 0
236 44 -1 0
235 44 -1 0
234 44 -1 0
233 44 -1 0
232 44 -1 0
231 44 -1 0
230 44 -1 0
229 44 -1 0
228 44 -1 0
227 44 -1 0
226 44 -1 0
225 44 -1 0
224 44 -1 0
223 44 -1 0
222 44 -1 0
239 43 -1 0
238 43 -1 0
237 43 -1 0
236 43 -1 0
235 43 -1 0
234 43 -1 0
233 43 -1 0
232 43 -1 0
231 43 -1 0
230 43 -1 0
229 43 -1 0
228 43 -1 0
227 43 -1 0
226 43 -1 0
225 43 -1 0
224 43 -1 0
223 43 -1 0
222 43 -1 0
221 43 -1 0
236 42 -1 0
235 42 -1 0
234 42 -1 0
233 42 -1 0
232 42 -1 0
231 42 -1 0
230 42 -1 0
229 42 -1 0
228 42 -1 0
227 42 -1 0
226 42 -1 0
225 42 -1 0
224 42 -1 0
223 42 -1 0
222 42 -1 0
221 42 -1 0
220 42 -1 0
219 42 -1 0
235 41 -1 0
234 41 -1 0
233 41 -1 0
232 41 -1 0
231 41 -1 0
230 41 -1 0
229 41 -1 0
228 41 -1 0
227 41 -1 0
226 41 -1 0
225 41 -1 0
224 41 -1 0
223 41 -1 0
222 41 -1 0
221 41 -1 0
220 41 -1 0
219 41 -1 0
218 41 -1 0
233 40 -1 0
232 40 -1 0
231 40 -1 0
230 40 -1 0
229 40 -1 0
228 40 -1 0
227 40 -1 0
226 40 -1 0
225 40 -1 0
224 40 -1 0
223 40 -1 0
222 40 -1 0
221 40 -1 0
220 40 -1 0
219 40 -1 0
218 40 -1 0
217 40 -1 0
216 40 -1 0
232 39 -1 0
231 39 -1 0
230 39 -1 0
229 39 -1 0
228 39 -1 0
227 39 -1 0
226 39 -1 0
225 39 -1 0
224 39 -1 0
223 39 -1 0
222 39 -1 0
221 39 -1 0
220 39 -1 0
219 39 -1 0
218 39 -1 0
217 39 -1 0
216 39 -1 0
215 39 -1 0
214 39 -1 0
231 38 -1 0
230 38 -1 0
229 38 -1 0
228 38 -1 0
227 38 -1 0
226 38 -1 0
225 38 -1 0
224 38 -1 0
223 38 -1 0
222 38 -1 0
221 38 -1 0
220 38 -1 0
219 38 -1 0
218 38 -1 0
217 38 -1 0
216 38 -1 0
215 38 -1 0
214 38 -1 0
213 38 -1 0
230 37 -1 0
229 37 -1 0
228 37 -1 0
227 37 -1 0
226 37 -1 0
225 37 -1 0
224 37 -1 0
223 37 -1 0
222 37 -1 0
221 37 -1 0
220 37 -1 0
219 37 -1 0
218 37 -1 0
217 37 -1 0
216 37 -1 0
215 37 -1 0
214 37 -1 0
213 37 -1 0
212 37 -1 0
211 37 -1 0
210 37 -1 0
229 36 -1 0
228 36 -1 0
227 36 -1 0
226 36 -1 0
225 36 -1 0
224 36 -1 0
223 36 -1 0
222 36 -1 0
221 36 -1 0
220 36 -1 0
219 36 -1 0
218 36 -1 0
217 36 -1 0
216 36 -1 0
215 36 -1 0
214 36 -1 0
213 36 -1 0
212 36 -1 0
211 36 -1 0
210 36 -1 0
209 36 -1 0
208 36 -1 0
207 36 -1 0
206 36 -1 0
228 35 -1 0
227 35 -1 0
226 35 -1 0
225 35 -1 0
224 35 -1 0
223 35 -1 0
222 35 -1 0
221 35 -1 0
220 35 -1 0
219 35 -1 0
218 35 -1 0
217 35 -1 0
216 35 -1 0
215 35 -1 0
214 35 -1 0
213 35 -1 0
212 35 -1 0
211 35 -1 0
210 35 -1 0
209 35 -1 0
208 35 -1 0
207 35 -1 0
206 35 -1 0
205 35 -1 0
204 35 -1 0
203 35 -1 0
227 34 -1 0
226 34 -1 0
225 34 -1 0
224 34 -1 0
223 34 -1 0
222 34 -1 0
221 34 -1 0
220 34 -1 0
219 34 -1 0
218 34 -1 0
217 34 -1 0
216 34 -1 0
215 34 -1 0
214 34 -1 0
213 34 -1 0
212 34 -1 0
211 34 -1 0
210 34 -1 0
209 34 -1 0
208 34 -1 0
207 34 -1 0
206 34 -1 0
205 34 -1 0
204 34 -1 0
203 34 -1 0
202 34 -1 0
201 34 -1 0
200 34 -1 0
225 33 -1 0
224 33 -1 0
223 33 -1 0
222 33 -1 0
221 33 -1 0
220 33 -1 0
219 33 -1 0
218 33 -1 0
217 33 -1 0
216 33 -1 0
215 33 -1 0
214 33 -1 0
213 33 -1 0
212 33 -1 0
211 33 -1 0
210 33 -1 0
209 33 -1 0
208 33 -1 0
207 33 -1 0
206 33 -1 0
205 33 -1 0
204 33 -1 0
203 33 -1 0
202 33 -1 0
201 33 -1 0
200 33 -1 0
199 33 -1 0
224 32 -1 0
223 32 -1 0
222 32 -1 0
221 32 -1 0
220 32 -1 0
219 32 -1 0
218 32 -1 0
217 32 -1 0
216 32 -1 0
215 32 -1 0
214 32 -1 0
213 32 -1 0
212 32 -1 0
211 32 -1 0
210 32 -1 0
209 32 -1 0
208 32 -1 0
207 32 -1 0
206 32 -1 0
205 32 -1 0
204 32 -1 0
203 32 -1 0
202 32 -1 0
201 32 -1 0
200 32 -1 0
199 32 -1 0
222 31 -1 0
221 31 -1 0
220 31 -1 0
219 31 -1 0
218 31 -1 0
217 31 -1 0
216 31 -1 0
215 31 -1 0
214 31 -1 0
213 31 -1 0
212 31 -1 0
211 31 -1 0
210 31 -1 0
209 31 -1 0
208 31 -1 0
207 31 -1 0
206 31 -1 0
205 31 -1 0
204 31 -1 0
203 31 -1 0
202 31 -1 0
201 31 -1 0
200 31 -1 0
199 31 -1 0
220 30 -1 0
219 30 -1 0
218 30 -1 0
217 30 -1 0
216 30 -1 0
215 30 -1 0
214 30 -1 0
213 30 -1 0
212 30 -1 0
211 30 -1 0
210 30 -1 0
209 30 -1 0
208 30 -1 0
207 30 -1 0
206 30 -1 0
205 30 -1 0
204 30 -1 0
203 30 -1 0
202 30 -1 0
201 30 -1 0
200 30 -1 0
199 30 -1 0
198 30 -1 0
218 29 -1 0
217 29 -1 0
216 29 -1 0
215 29 -1 0
214 29 -1 0
213 29 -1 0
212 29 -1 0
211 29 -1 0
210 29 -1 0
209 29 -1 0
208 29 -1 0
207 29 -1 0
206 29 -1 0
205 29 -1 0
204 29 -1 0
203 29 -1 0
202 29 -1 0
201 29 -1 0
200 29 -1 0
199 29 -1 0
215 28 -1 0
214 28 -1 0
213 28 -1 0
212 28 -1 0
211 28 -1 0
210 28 -1 0
209 28 -1 0
208 28 -1 0
207 28 -1 0
206 28 -1 0
205 28 -1 0
204 28 -1 0
203 28 -1 0
202 28 -1 0
201 28 -1 0
200 28 -1 0
199 28 -1 0
212 27 -1 0
211 27 -1 0
210 27 -1 0
209 27 -1 0
208 27 -1 0
207 27 -1 0
206 27 -1 0
205 27 -1 0
204 27 -1 0
203 27 -1 0
202 27 -1 0
201 27 -1 0
200 27 -1 0
199 27 -1 0
209 26 -1 0
208 26 -1 0
207 26 -1 0
206 26 -1 0
205 26 -1 0
204 26 -1 0
203 26 -1 0
202 26 -1 0
201 26 -1 0
200 26 -1 0
206 25 -1 0
205 25 -1 0
204 25 -1 0
203 25 -1 0
