2648 240 240
156 192 -1 0
159 191 -1 0
158 191 -1 0
157 191 -1 0
156 191 -1 0
155 191 -1 0
154 191 -1 0
153 191 -1 0
160 190 -1 0
159 190 -1 0
158 190 -1 0
157 190 -1 0
156 190 -1 0
155 190 -1 0
154 190 -1 0
153 190 -1 0
152 190 -1 0
151 190 -1 0
160 189 -1 0
159 189 -1 0
158 189 -1 0
157 189 -1 0
156 189 -1 0
155 189 -1 0
154 189 -1 0
153 189 -1 0
152 189 -1 0
151 189 -1 0
150 189 -1 0
149 189 -1 0
160 188 -1 0
159 188 -1 0
158 188 -1 0
157 188 -1 0
156 188 -1 0
155 188 -1 0
154 188 -1 0
153 188 -1 0
152 188 -1 0
151 188 -1 0
150 188 -1 0
149 188 -1 0
148 188 -1 0
147 188 -1 0
146 188 -1 0
161 187 -1 0
160 187 -1 0
159 187 -1 0
158 187 -1 0
157 187 -1 0
156 187 -1 0
155 187 -1 0
154 187 -1 0
153 187 -1 0
152 187 -1 0
151 187 -1 0
150 187 -1 0
149 187 -1 0
148 187 -1 0
147 187 -1 0
146 187 -1 0
145 187 -1 0
144 187 -1 0
161 186 -1 0
160 186 -1 0
159 186 -1 0
158 186 -1 0
157 186 -1 0
156 186 -1 0
155 186 -1 0
154 186 -1 0
153 186 -1 0
152 186 -1 0
151 186 -1 0
150 186 -1 0
149 186 -1 0
148 186 -1 0
147 186 -1 0
146 186 -1 0
145 186 -1 0
144 186 -1 0
143 186 -1 0
142 186 -1 0
160 185 -1 0
159 185 -1 0
158 185 -1 0
157 185 -1 0
156 185 -1 0
155 185 -1 0
154 185 -1 0
153 185 -1 0
152 185 -1 0
151 185 -1 0
150 185 -1 0
149 185 -1 0
148 185 -1 0
147 185 -1 0
146 185 -1 0
145 185 -1 0
144 185 -1 0
143 185 -1 0
142 185 -1 0
141 185 -1 0
140 185 -1 0
139 185 -1 0
160 184 -1 0
159 184 -1 0
158 184 -1 0
157 184 -1 0
156 184 -1 0
155 184 -1 0
154 184 -1 0
153 184 -1 0
152 184 -1 0
151 184 -1 0
150 184 -1 0
149 184 -1 0
148 184 -1 0
147 184 -1 0
146 184 -1 0
145 184 -1 0
144 184 -1 0
143 184 -1 0
142 184 -1 0
141 184 -1 0
140 184 -1 0
139 184 -1 0
138 184 -1 0
160 183 -1 0
159 183 -1 0
158 183 -1 0
157 183 -1 0
156 183 -1 0
155 183 -1 0
154 183 -1 0
153 183 -1 0
152 183 -1 0
151 183 -1 0
150 183 -1 0
149 183 -1 0
148 183 -1 0
147 183 -1 0
146 183 -1 0
145 183 -1 0
144 183 -1 0
143 183 -1 0
142 183 -1 0
141 183 -1 0
140 183 -1 0
139 183 -1 0
138 183 -1 0
137 183 -1 0
136 183 -1 0
135 183 -1 0
159 182 -1 0
158 182 -1 0
157 182 -1 0
156 182 -1 0
155 182 -1 0
154 182 -1 0
153 182 -1 0
152 182 -1 0
151 182 -1 0
150 182 -1 0
149 182 -1 0
148 182 -1 0
147 182 -1 0
146 182 -1 0
145 182 -1 0
144 182 -1 0
143 182 -1 0
142 182 -1 0
141 182 -1 0
140 182 -1 0
139 182 -1 0
138 182 -1 0
137 182 -1 0
136 182 -1 0
135 182 -1 0
134 182 -1 0
157 181 -1 0
156 181 -1 0
155 181 -1 0
154 181 -1 0
153 181 -1 0
152 181 -1 0
151 181 -1 0
150 181 -1 0
149 181 -1 0
148 181 -1 0
147 181 -1 0
146 181 -1 0
145 181 -1 0
144 181 -1 0
143 181 -1 0
142 181 -1 0
141 181 -1 0
140 181 -1 0
139 181 -1 0
138 181 -1 0
137 181 -1 0
136 181 -1 0
135 181 -1 0
134 181 -1 0
133 181 -1 0
155 180 -1 0
154 180 -1 0
153 180 -1 0
152 180 -1 0
151 180 -1 0
150 180 -1 0
149 180 -1 0
148 180 -1 0
147 180 -1 0
146 180 -1 0
145 180 -1 0
144 180 -1 0
143 180 -1 0
142 180 -1 0
141 180 -1 0
140 180 -1 0
139 180 -1 0
138 180 -1 0
137 180 -1 0
136 180 -1 0
135 180 -1 0
134 180 -1 0
133 180 -1 0
132 180 -1 0
152 179 -1 0
151 179 -1 0
150 179 -1 0
149 179 -1 0
148 179 -1 0
147 179 -1 0
146 179 -1 0
145 179 -1 0
144 179 -1 0
143 179 -1 0
142 179 -1 0
141 179 -1 0
140 179 -1 0
139 179 -1 0
138 179 -1 0
137 179 -1 0
136 179 -1 0
135 179 -1 0
134 179 -1 0
133 179 -1 0
132 179 -1 0
131 179 -1 0
130 179 -1 0
150 178 -1 0
149 178 -1 0
148 178 -1 0
147 178 -1 0
146 178 -1 0
145 178 -1 0
144 178 -1 0
143 178 -1 0
142 178 -1 0
141 178 -1 0
140 178 -1 0
139 178 -1 0
138 178 -1 0
137 178 -1 0
136 178 -1 0
135 178 -1 0
134 178 -1 0
133 178 -1 0
132 178 -1 0
131 178 -1 0
130 178 -1 0
129 178 -1 0
148 177 -1 0
147 177 -1 0
146 177 -1 0
145 177 -1 0
144 177 -1 0
143 177 -1 0
142 177 -1 0
141 177 -1 0
140 177 -1 0
139 177 -1 0
138 177 -1 0
137 177 -1 0
136 177 -1 0
135 177 -1 0
134 177 -1 0
133 177 -1 0
132 177 -1 0
131 177 -1 0
130 177 -1 0
129 177 -1 0
128 177 -1 0
127 177 -1 0
145 176 -1 0
144 176 -1 0
143 176 -1 0
142 176 -1 0
141 176 -1 0
140 176 -1 0
139 176 -1 0
138 176 -1 0
137 176 -1 0
136 176 -1 0
135 176 -1 0
134 176 -1 0
133 176 -1 0
132 176 -1 0
131 176 -1 0
130 176 -1 0
129 176 -1 0
128 176 -1 0
127 176 -1 0
126 176 -1 0
143 175 -1 0
142 175 -1 0
141 175 -1 0
140 175 -1 0
139 175 -1 0
138 175 -1 0
137 175 -1 0
136 175 -1 0
135 175 -1 0
134 175 -1 0
133 175 -1 0
132 175 -1 0
131 175 -1 0
130 175 -1 0
129 175 -1 0
128 175 -1 0
127 175 -1 0
126 175 -1 0
125 175 -1 0
124 175 -1 0
123 175 -1 0
142 174 -1 0
141 174 -1 0
140 174 -1 0
139 174 -1 0
138 174 -1 0
137 174 -1 0
136 174 -1 0
135 174 -1 0
134 174 -1 0
133 174 -1 0
132 174 -1 0
131 174 -1 0
130 174 -1 0
129 174 -1 0
128 174 -1 0
127 174 -1 0
126 174 -1 0
125 174 -1 0
124 174 -1 0
123 174 -1 0
122 174 -1 0
141 173 -1 0
140 173 -1 0
139 173 -1 0
138 173 -1 0
137 173 -1 0
136 173 -1 0
135 173 -1 0
134 173 -1 0
133 173 -1 0
132 173 -1 0
131 173 -1 0
130 173 -1 0
129 173 -1 0
128 173 -1 0
127 173 -1 0
126 173 -1 0
125 173 -1 0
124 173 -1 0
123 173 -1 0
122 173 -1 0
121 173 -1 0
139 172 -1 0
138 172 -1 0
137 172 -1 0
136 172 -1 0
135 172 -1 0
134 172 -1 0
133 172 -1 0
132 172 -1 0
131 172 -1 0
130 172 -1 0
129 172 -1 0
128 172 -1 0
127 172 -1 0
126 172 -1 0
125 172 -1 0
124 172 -1 0
123 172 -1 0
122 172 -1 0
121 172 -1 0
137 171 -1 0
136 171 -1 0
135 171 -1 0
134 171 -1 0
133 171 -1 0
132 171 -1 0
131 171 -1 0
130 171 -1 0
129 171 -1 0
128 171 -1 0
127 171 -1 0
126 171 -1 0
125 171 -1 0
124 171 -1 0
123 171 -1 0
122 171 -1 0
121 171 -1 0
120 171 -1 0
119 171 -1 0
135 170 -1 0
134 170 -1 0
133 170 -1 0
132 170 -1 0
131 170 -1 0
130 170 -1 0
129 170 -1 0
128 170 -1 0
127 170 -1 0
126 170 -1 0
125 170 -1 0
124 170 -1 0
123 170 -1 0
122 170 -1 0
121 170 -1 0
120 170 -1 0
119 170 -1 0
118 170 -1 0
134 169 -1 0
133 169 -1 0
132 169 -1 0
131 169 -1 0
130 169 -1 0
129 169 -1 0
128 169 -1 0
127 169 -1 0
126 169 -1 0
125 169 -1 0
124 169 -1 0
123 169 -1 0
122 169 -1 0
121 169 -1 0
120 169 -1 0
119 169 -1 0
118 169 -1 0
117 169 -1 0
116 169 -1 0
115 169 -1 0
133 168 -1 0
132 168 -1 0
131 168 -1 0
130 168 -1 0
129 168 -1 0
128 168 -1 0
127 168 -1 0
126 168 -1 0
125 168 -1 0
124 168 -1 0
123 168 -1 0
122 168 -1 0
121 168 -1 0
120 168 -1 0
119 168 -1 0
118 168 -1 0
117 168 -1 0
116 168 -1 0
115 168 -1 0
114 168 -1 0
131 167 -1 0
130 167 -1 0
129 167 -1 0
128 167 -1 0
127 167 -1 0
126 167 -1 0
125 167 -1 0
124 167 -1 0
123 167 -1 0
122 167 -1 0
121 167 -1 0
120 167 -1 0
119 167 -1 0
118 167 -1 0
117 167 -1 0
116 167 -1 0
115 167 -1 0
114 167 -1 0
113 167 -1 0
129 166 -1 0
128 166 -1 0
127 166 -1 0
126 166 -1 0
125 166 -1 0
124 166 -1 0
123 166 -1 0
122 166 -1 0
121 166 -1 0
120 166 -1 0
119 166 -1 0
118 166 -1 0
117 166 -1 0
116 166 -1 0
115 166 -1 0
114 166 -1 0
113 166 -1 0
112 166 -1 0
111 166 -1 0
110 166 -1 0
129 165 -1 0
128 165 -1 0
127 165 -1 0
126 165 -1 0
125 165 -1 0
124 165 -1 0
123 165 -1 0
122 165 -1 0
121 165 -1 0
120 165 -1 0
119 165 -1 0
118 165 -1 0
117 165 -1 0
116 165 -1 0
115 165 -1 0
114 165 -1 0
113 165 -1 0
112 165 -1 0
111 165 -1 0
110 165 -1 0
109 165 -1 0
128 164 -1 0
127 164 -1 0
126 164 -1 0
125 164 -1 0
124 164 -1 0
123 164 -1 0
122 164 -1 0
121 164 -1 0
120 164 -1 0
119 164 -1 0
118 164 -1 0
117 164 -1 0
116 164 -1 0
115 164 -1 0
114 164 -1 0
113 164 -1 0
112 164 -1 0
111 164 -1 0
110 164 -1 0
109 164 -1 0
108 164 -1 0
126 163 -1 0
125 163 -1 0
124 163 -1 0
123 163 -1 0
122 163 -1 0
121 163 -1 0
120 163 -1 0
119 163 -1 0
118 163 -1 0
117 163 -1 0
116 163 -1 0
115 163 -1 0
114 163 -1 0
113 163 -1 0
112 163 -1 0
111 163 -1 0
110 163 -1 0
109 163 -1 0
108 163 -1 0
107 163 -1 0
125 162 -1 0
124 162 -1 0
123 162 -1 0
122 162 -1 0
121 162 -1 0
120 162 -1 0
119 162 -1 0
118 162 -1 0
117 162 -1 0
116 162 -1 0
115 162 -1 0
114 162 -1 0
113 162 -1 0
112 162 -1 0
111 162 -1 0
110 162 -1 0
109 162 -1 0
108 162 -1 0
107 162 -1 0
106 162 -1 0
122 161 -1 0
121 161 -1 0
120 161 -1 0
119 161 -1 0
118 161 -1 0
117 161 -1 0
116 161 -1 0
115 161 -1 0
114 161 -1 0
113 161 -1 0
112 161 -1 0
111 161 -1 0
110 161 -1 0
109 161 -1 0
108 161 -1 0
107 161 -1 0
106 161 -1 0
105 161 -1 0
121 160 -1 0
120 160 -1 0
119 160 -1 0
118 160 -1 0
117 160 -1 0
116 160 -1 0
115 160 -1 0
114 160 -1 0
113 160 -1 0
112 160 -1 0
111 160 -1 0
110 160 -1 0
109 160 -1 0
108 160 -1 0
107 160 -1 0
106 160 -1 0
105 160 -1 0
104 160 -1 0
120 159 -1 0
119 159 -1 0
118 159 -1 0
117 159 -1 0
116 159 -1 0
115 159 -1 0
114 159 -1 0
113 159 -1 0
112 159 -1 0
111 159 -1 0
110 159 -1 0
109 159 -1 0
108 159 -1 0
107 159 -1 0
106 159 -1 0
105 159 -1 0
104 159 -1 0
103 159 -1 0
121 158 -1 0
120 158 -1 0
119 158 -1 0
118 158 -1 0
117 158 -1 0
116 158 -1 0
115 158 -1 0
114 158 -1 0
113 158 -1 0
112 158 -1 0
111 158 -1 0
110 158 -1 0
109 158 -1 0
108 158 -1 0
107 158 -1 0
106 158 -1 0
105 158 -1 0
104 158 -1 0
103 158 -1 0
102 158 -1 0
101 158 -1 0
100 158 -1 0
123 157 -1 0
122 157 -1 0
121 157 -1 0
120 157 -1 0
119 157 -1 0
118 157 -1 0
117 157 -1 0
116 157 -1 0
115 157 -1 0
114 157 -1 0
113 157 -1 0
112 157 -1 0
111 157 -1 0
110 157 -1 0
109 157 -1 0
108 157 -1 0
107 157 -1 0
106 157 -1 0
105 157 -1 0
104 157 -1 0
103 157 -1 0
102 157 -1 0
101 157 -1 0
100 157 -1 0
99 157 -1 0
125 156 -1 0
124 156 -1 0
123 156 -1 0
122 156 -1 0
121 156 -1 0
120 156 -1 0
119 156 -1 0
118 156 -1 0
117 156 -1 0
116 156 -1 0
115 156 -1 0
114 156 -1 0
113 156 -1 0
112 156 -1 0
111 156 -1 0
110 156 -1 0
109 156 -1 0
108 156 -1 0
107 156 -1 0
106 156 -1 0
105 156 -1 0
104 156 -1 0
103 156 -1 0
102 156 -1 0
101 156 -1 0
100 156 -1 0
99 156 -1 0
98 156 -1 0
127 155 -1 0
126 155 -1 0
125 155 -1 0
124 155 -1 0
123 155 -1 0
122 155 -1 0
121 155 -1 0
120 155 -1 0
119 155 -1 0
118 155 -1 0
117 155 -1 0
116 155 -1 0
115 155 -1 0
114 155 -1 0
113 155 -1 0
112 155 -1 0
111 155 -1 0
110 155 -1 0
109 155 -1 0
108 155 -1 0
107 155 -1 0
106 155 -1 0
105 155 -1 0
104 155 -1 0
103 155 -1 0
102 155 -1 0
101 155 -1 0
100 155 -1 0
99 155 -1 0
98 155 -1 0
97 155 -1 0
128 154 -1 0
127 154 -1 0
126 154 -1 0
125 154 -1 0
124 154 -1 0
123 154 -1 0
122 154 -1 0
121 154 -1 0
120 154 -1 0
119 154 -1 0
118 154 -1 0
117 154 -1 0
116 154 -1 0
115 154 -1 0
114 154 -1 0
113 154 -1 0
112 154 -1 0
111 154 -1 0
110 154 -1 0
109 154 -1 0
108 154 -1 0
107 154 -1 0
106 154 -1 0
105 154 -1 0
104 154 -1 0
103 154 -1 0
102 154 -1 0
101 154 -1 0
100 154 -1 0
99 154 -1 0
98 154 -1 0
97 154 -1 0
96 154 -1 0
129 153 -1 0
128 153 -1 0
127 153 -1 0
126 153 -1 0
125 153 -1 0
124 153 -1 0
123 153 -1 0
122 153 -1 0
121 153 -1 0
120 153 -1 0
119 153 -1 0
118 153 -1 0
117 153 -1 0
116 153 -1 0
115 153 -1 0
114 153 -1 0
113 153 -1 0
112 153 -1 0
111 153 -1 0
110 153 -1 0
109 153 -1 0
108 153 -1 0
107 153 -1 0
106 153 -1 0
105 153 -1 0
104 153 -1 0
103 153 -1 0
102 153 -1 0
101 153 -1 0
100 153 -1 0
99 153 -1 0
98 153 -1 0
97 153 -1 0
96 153 -1 0
95 153 -1 0
129 152 -1 0
128 152 -1 0
127 152 -1 0
126 152 -1 0
125 152 -1 0
124 152 -1 0
123 152 -1 0
122 152 -1 0
121 152 -1 0
120 152 -1 0
119 152 -1 0
118 152 -1 0
117 152 -1 0
116 152 -1 0
115 152 -1 0
114 152 -1 0
113 152 -1 0
112 152 -1 0
111 152 -1 0
110 152 -1 0
109 152 -1 0
108 152 -1 0
107 152 -1 0
106 152 -1 0
105 152 -1 0
104 152 -1 0
103 152 -1 0
102 152 -1 0
101 152 -1 0
100 152 -1 0
99 152 -1 0
98 152 -1 0
97 152 -1 0
96 152 -1 0
95 152 -1 0
94 152 -1 0
93 152 -1 0
129 151 -1 0
128 151 -1 0
127 151 -1 0
126 151 -1 0
125 151 -1 0
124 151 -1 0
123 151 -1 0
122 151 -1 0
121 151 -1 0
120 151 -1 0
119 151 -1 0
118 151 -1 0
117 151 -1 0
116 151 -1 0
115 151 -1 0
114 151 -1 0
113 151 -1 0
112 151 -1 0
111 151 -1 0
110 151 -1 0
109 151 -1 0
108 151 -1 0
107 151 -1 0
106 151 -1 0
105 151 -1 0
104 151 -1 0
103 151 -1 0
102 151 -1 0
101 151 -1 0
100 151 -1 0
99 151 -1 0
98 151 -1 0
97 151 -1 0
96 151 -1 0
95 151 -1 0
94 151 -1 0
93 151 -1 0
92 151 -1 0
130 150 -1 0
129 150 -1 0
128 150 -1 0
127 150 -1 0
126 150 -1 0
125 150 -1 0
124 150 -1 0
123 150 -1 0
122 150 -1 0
121 150 -1 0
120 150 -1 0
119 150 -1 0
118 150 -1 0
117 150 -1 0
116 150 -1 0
115 150 -1 0
114 150 -1 0
113 150 -1 0
112 150 -1 0
108 150 -1 0
107 150 -1 0
106 150 -1 0
105 150 -1 0
104 150 -1 0
103 150 -1 0
102 150 -1 0
101 150 -1 0
100 150 -1 0
99 150 -1 0
98 150 -1 0
97 150 -1 0
96 150 -1 0
95 150 -1 0
94 150 -1 0
93 150 -1 0
92 150 -1 0
91 150 -1 0
129 149 -1 0
128 149 -1 0
127 149 -1 0
126 149 -1 0
125 149 -1 0
124 149 -1 0
123 149 -1 0
122 149 -1 0
121 149 -1 0
120 149 -1 0
119 149 -1 0
118 149 -1 0
117 149 -1 0
116 149 -1 0
115 149 -1 0
106 149 -1 0
105 149 -1 0
104 149 -1 0
103 149 -1 0
102 149 -1 0
101 149 -1 0
100 149 -1 0
99 149 -1 0
98 149 -1 0
97 149 -1 0
96 149 -1 0
95 149 -1 0
94 149 -1 0
93 149 -1 0
92 149 -1 0
91 149 -1 0
90 149 -1 0
129 148 -1 0
128 148 -1 0
127 148 -1 0
126 148 -1 0
125 148 -1 0
124 148 -1 0
123 148 -1 0
122 148 -1 0
121 148 -1 0
120 148 -1 0
119 148 -1 0
118 148 -1 0
117 148 -1 0
105 148 -1 0
104 148 -1 0
103 148 -1 0
102 148 -1 0
101 148 -1 0
100 148 -1 0
99 148 -1 0
98 148 -1 0
97 148 -1 0
96 148 -1 0
95 148 -1 0
94 148 -1 0
93 148 -1 0
92 148 -1 0
91 148 -1 0
90 148 -1 0
89 148 -1 0
129 147 -1 0
128 147 -1 0
127 147 -1 0
126 147 -1 0
125 147 -1 0
124 147 -1 0
123 147 -1 0
122 147 -1 0
121 147 -1 0
120 147 -1 0
119 147 -1 0
104 147 -1 0
103 147 -1 0
102 147 -1 0
101 147 -1 0
100 147 -1 0
99 147 -1 0
98 147 -1 0
97 147 -1 0
96 147 -1 0
95 147 -1 0
94 147 -1 0
93 147 -1 0
92 147 -1 0
91 147 -1 0
90 147 -1 0
89 147 -1 0
88 147 -1 0
128 146 -1 0
127 146 -1 0
126 146 -1 0
125 146 -1 0
124 146 -1 0
123 146 -1 0
122 146 -1 0
121 146 -1 0
103 146 -1 0
102 146 -1 0
101 146 -1 0
100 146 -1 0
99 146 -1 0
98 146 -1 0
97 146 -1 0
96 146 -1 0
95 146 -1 0
94 146 -1 0
93 146 -1 0
92 146 -1 0
91 146 -1 0
90 146 -1 0
89 146 -1 0
88 146 -1 0
87 146 -1 0
86 146 -1 0
125 145 -1 0
124 145 -1 0
102 145 -1 0
101 145 -1 0
100 145 -1 0
99 145 -1 0
98 145 -1 0
97 145 -1 0
96 145 -1 0
95 145 -1 0
94 145 -1 0
93 145 -1 0
92 145 -1 0
91 145 -1 0
90 145 -1 0
89 145 -1 0
88 145 -1 0
87 145 -1 0
86 145 -1 0
85 145 -1 0
100 144 -1 0
99 144 -1 0
98 144 -1 0
97 144 -1 0
96 144 -1 0
95 144 -1 0
94 144 -1 0
93 144 -1 0
92 144 -1 0
91 144 -1 0
90 144 -1 0
89 144 -1 0
88 144 -1 0
87 144 -1 0
86 144 -1 0
85 144 -1 0
84 144 -1 0
99 143 -1 0
98 143 -1 0
97 143 -1 0
96 143 -1 0
95 143 -1 0
94 143 -1 0
93 143 -1 0
92 143 -1 0
91 143 -1 0
90 143 -1 0
89 143 -1 0
88 143 -1 0
87 143 -1 0
86 143 -1 0
85 143 -1 0
84 143 -1 0
83 143 -1 0
98 142 -1 0
97 142 -1 0
96 142 -1 0
95 142 -1 0
94 142 -1 0
93 142 -1 0
92 142 -1 0
91 142 -1 0
90 142 -1 0
89 142 -1 0
88 142 -1 0
87 142 -1 0
86 142 -1 0
85 142 -1 0
84 142 -1 0
83 142 -1 0
82 142 -1 0
81 142 -1 0
97 141 -1 0
96 141 -1 0
95 141 -1 0
94 141 -1 0
93 141 -1 0
92 141 -1 0
91 141 -1 0
90 141 -1 0
89 141 -1 0
88 141 -1 0
87 141 -1 0
86 141 -1 0
85 141 -1 0
84 141 -1 0
83 141 -1 0
82 141 -1 0
81 141 -1 0
80 141 -1 0
97 140 -1 0
96 140 -1 0
95 140 -1 0
94 140 -1 0
93 140 -1 0
92 140 -1 0
91 140 -1 0
90 140 -1 0
89 140 -1 0
88 140 -1 0
87 140 -1 0
86 140 -1 0
85 140 -1 0
84 140 -1 0
83 140 -1 0
82 140 -1 0
81 140 -1 0
80 140 -1 0
79 140 -1 0
96 139 -1 0
95 139 -1 0
94 139 -1 0
93 139 -1 0
92 139 -1 0
91 139 -1 0
90 139 -1 0
89 139 -1 0
88 139 -1 0
87 139 -1 0
86 139 -1 0
85 139 -1 0
84 139 -1 0
83 139 -1 0
82 139 -1 0
81 139 -1 0
80 139 -1 0
79 139 -1 0
78 139 -1 0
94 138 -1 0
93 138 -1 0
92 138 -1 0
91 138 -1 0
90 138 -1 0
89 138 -1 0
88 138 -1 0
87 138 -1 0
86 138 -1 0
85 138 -1 0
84 138 -1 0
83 138 -1 0
82 138 -1 0
81 138 -1 0
80 138 -1 0
79 138 -1 0
78 138 -1 0
77 138 -1 0
76 138 -1 0
92 137 -1 0
91 137 -1 0
90 137 -1 0
89 137 -1 0
88 137 -1 0
87 137 -1 0
86 137 -1 0
85 137 -1 0
84 137 -1 0
83 137 -1 0
82 137 -1 0
81 137 -1 0
80 137 -1 0
79 137 -1 0
78 137 -1 0
77 137 -1 0
76 137 -1 0
75 137 -1 0
91 136 -1 0
90 136 -1 0
89 136 -1 0
88 136 -1 0
87 136 -1 0
86 136 -1 0
85 136 -1 0
84 136 -1 0
83 136 -1 0
82 136 -1 0
81 136 -1 0
80 136 -1 0
79 136 -1 0
78 136 -1 0
77 136 -1 0
76 136 -1 0
75 136 -1 0
74 136 -1 0
90 135 -1 0
89 135 -1 0
88 135 -1 0
87 135 -1 0
86 135 -1 0
85 135 -1 0
84 135 -1 0
83 135 -1 0
82 135 -1 0
81 135 -1 0
80 135 -1 0
79 135 -1 0
78 135 -1 0
77 135 -1 0
76 135 -1 0
75 135 -1 0
74 135 -1 0
73 135 -1 0
89 134 -1 0
88 134 -1 0
87 134 -1 0
86 134 -1 0
85 134 -1 0
84 134 -1 0
83 134 -1 0
82 134 -1 0
81 134 -1 0
80 134 -1 0
79 134 -1 0
78 134 -1 0
77 134 -1 0
76 134 -1 0
75 134 -1 0
74 134 -1 0
73 134 -1 0
72 134 -1 0
87 133 -1 0
86 133 -1 0
85 133 -1 0
84 133 -1 0
83 133 -1 0
82 133 -1 0
81 133 -1 0
80 133 -1 0
79 133 -1 0
78 133 -1 0
77 133 -1 0
76 133 -1 0
75 133 -1 0
74 133 -1 0
73 133 -1 0
72 133 -1 0
86 132 -1 0
85 132 -1 0
84 132 -1 0
83 132 -1 0
82 132 -1 0
81 132 -1 0
80 132 -1 0
79 132 -1 0
78 132 -1 0
77 132 -1 0
76 132 -1 0
75 132 -1 0
74 132 -1 0
73 132 -1 0
72 132 -1 0
85 131 -1 0
84 131 -1 0
83 131 -1 0
82 131 -1 0
81 131 -1 0
80 131 -1 0
79 131 -1 0
78 131 -1 0
77 131 -1 0
76 131 -1 0
75 131 -1 0
74 131 -1 0
73 131 -1 0
72 131 -1 0
71 131 -1 0
84 130 -1 0
83 130 -1 0
82 130 -1 0
81 130 -1 0
80 130 -1 0
79 130 -1 0
78 130 -1 0
77 130 -1 0
76 130 -1 0
75 130 -1 0
74 130 -1 0
73 130 -1 0
72 130 -1 0
82 129 -1 0
81 129 -1 0
80 129 -1 0
79 129 -1 0
78 129 -1 0
77 129 -1 0
76 129 -1 0
75 129 -1 0
74 129 -1 0
73 129 -1 0
72 129 -1 0
81 128 -1 0
80 128 -1 0
79 128 -1 0
78 128 -1 0
77 128 -1 0
76 128 -1 0
75 128 -1 0
74 128 -1 0
73 128 -1 0
72 128 -1 0
80 127 -1 0
79 127 -1 0
78 127 -1 0
77 127 -1 0
76 127 -1 0
75 127 -1 0
74 127 -1 0
73 127 -1 0
77 126 -1 0
76 126 -1 0
123 123 -1 1
122 123 -1 1
121 123 -1 1
120 123 -1 1
119 123 -1 1
118 123 -1 1
117 123 -1 1
116 123 -1 1
115 123 -1 1
114 123 -1 1
113 123 -1 1
112 123 -1 1
111 123 -1 1
110 123 -1 1
109 123 -1 1
108 123 -1 1
126 122 -1 1
125 122 -1 1
124 122 -1 1
123 122 -1 1
122 122 -1 1
121 122 -1 1
120 122 -1 1
119 122 -1 1
118 122 -1 1
117 122 -1 1
116 122 -1 1
115 122 -1 1
114 122 -1 1
113 122 -1 1
112 122 -1 1
111 122 -1 1
110 122 -1 1
109 122 -1 1
108 122 -1 1
107 122 -1 1
106 122 -1 1
105 122 -1 1
104 122 -1 1
130 121 -1 1
129 121 -1 1
128 121 -1 1
127 121 -1 1
126 121 -1 1
125 121 -1 1
124 121 -1 1
123 121 -1 1
122 121 -1 1
121 121 -1 1
120 121 -1 1
119 121 -1 1
118 121 -1 1
117 121 -1 1
116 121 -1 1
115 121 -1 1
114 121 -1 1
113 121 -1 1
112 121 -1 1
111 121 -1 1
110 121 -1 1
109 121 -1 1
108 121 -1 1
107 121 -1 1
106 121 -1 1
105 121 -1 1
104 121 -1 1
103 121 -1 1
102 121 -1 1
101 121 -1 1
133 120 -1 1
132 120 -1 1
131 120 -1 1
130 120 -1 1
129 120 -1 1
128 120 -1 1
127 120 -1 1
126 120 -1 1
125 120 -1 1
124 120 -1 1
123 120 -1 1
122 120 -1 1
121 120 -1 1
120 120 -1 1
119 120 -1 1
118 120 -1 1
117 120 -1 1
116 120 -1 1
115 120 -1 1
114 120 -1 1
113 120 -1 1
112 120 -1 1
111 120 -1 1
110 120 -1 1
109 120 -1 1
108 120 -1 1
107 120 -1 1
106 120 -1 1
105 120 -1 1
104 120 -1 1
103 120 -1 1
102 120 -1 1
101 120 -1 1
100 120 -1 1
99 120 -1 1
135 119 -1 1
134 119 -1 1
133 119 -1 1
132 119 -1 1
131 119 -1 1
130 119 -1 1
129 119 -1 1
128 119 -1 1
127 119 -1 1
126 119 -1 1
125 119 -1 1
124 119 -1 1
123 119 -1 1
122 119 -1 1
121 119 -1 1
120 119 -1 1
119 119 -1 1
118 119 -1 1
117 119 -1 1
116 119 -1 1
115 119 -1 1
114 119 -1 1
113 119 -1 1
112 119 -1 1
111 119 -1 1
110 119 -1 1
109 119 -1 1
108 119 -1 1
107 119 -1 1
106 119 -1 1
105 119 -1 1
104 119 -1 1
103 119 -1 1
102 119 -1 1
101 119 -1 1
100 119 -1 1
99 119 -1 1
98 119 -1 1
97 119 -1 1
137 118 -1 1
136 118 -1 1
135 118 -1 1
134 118 -1 1
133 118 -1 1
132 118 -1 1
131 118 -1 1
130 118 -1 1
129 118 -1 1
128 118 -1 1
127 118 -1 1
126 118 -1 1
125 118 -1 1
124 118 -1 1
123 118 -1 1
122 118 -1 1
121 118 -1 1
120 118 -1 1
119 118 -1 1
118 118 -1 1
117 118 -1 1
116 118 -1 1
115 118 -1 1
114 118 -1 1
113 118 -1 1
112 118 -1 1
111 118 -1 1
110 118 -1 1
109 118 -1 1
108 118 -1 1
107 118 -1 1
106 118 -1 1
105 118 -1 1
104 118 -1 1
103 118 -1 1
102 118 -1 1
101 118 -1 1
100 118 -1 1
99 118 -1 1
98 118 -1 1
97 118 -1 1
96 118 -1 1
139 117 -1 1
138 117 -1 1
137 117 -1 1
136 117 -1 1
135 117 -1 1
134 117 -1 1
133 117 -1 1
132 117 -1 1
131 117 -1 1
130 117 -1 1
129 117 -1 1
128 117 -1 1
127 117 -1 1
126 117 -1 1
125 117 -1 1
124 117 -1 1
123 117 -1 1
122 117 -1 1
121 117 -1 1
120 117 -1 1
119 117 -1 1
118 117 -1 1
117 117 -1 1
116 117 -1 1
115 117 -1 1
114 117 -1 1
113 117 -1 1
112 117 -1 1
111 117 -1 1
110 117 -1 1
109 117 -1 1
108 117 -1 1
107 117 -1 1
106 117 -1 1
105 117 -1 1
104 117 -1 1
103 117 -1 1
102 117 -1 1
101 117 -1 1
100 117 -1 1
99 117 -1 1
98 117 -1 1
97 117 -1 1
96 117 -1 1
142 116 -1 1
141 116 -1 1
140 116 -1 1
139 116 -1 1
138 116 -1 1
137 116 -1 1
136 116 -1 1
135 116 -1 1
134 116 -1 1
133 116 -1 1
132 116 -1 1
131 116 -1 1
130 116 -1 1
129 116 -1 1
128 116 -1 1
127 116 -1 1
126 116 -1 1
125 116 -1 1
124 116 -1 1
123 116 -1 1
122 116 -1 1
121 116 -1 1
120 116 -1 1
119 116 -1 1
118 116 -1 1
117 116 -1 1
116 116 -1 1
115 116 -1 1
114 116 -1 1
113 116 -1 1
112 116 -1 1
111 116 -1 1
110 116 -1 1
109 116 -1 1
108 116 -1 1
107 116 -1 1
106 116 -1 1
105 116 -1 1
104 116 -1 1
103 116 -1 1
102 116 -1 1
101 116 -1 1
100 116 -1 1
99 116 -1 1
98 116 -1 1
97 116 -1 1
96 116 -1 1
143 115 -1 1
142 115 -1 1
141 115 -1 1
140 115 -1 1
139 115 -1 1
138 115 -1 1
137 115 -1 1
136 115 -1 1
135 115 -1 1
134 115 -1 1
133 115 -1 1
132 115 -1 1
131 115 -1 1
130 115 -1 1
129 115 -1 1
128 115 -1 1
127 115 -1 1
126 115 -1 1
125 115 -1 1
124 115 -1 1
123 115 -1 1
122 115 -1 1
121 115 -1 1
120 115 -1 1
119 115 -1 1
118 115 -1 1
117 115 -1 1
116 115 -1 1
115 115 -1 1
114 115 -1 1
113 115 -1 1
112 115 -1 1
111 115 -1 1
110 115 -1 1
109 115 -1 1
108 115 -1 1
107 115 -1 1
106 115 -1 1
105 115 -1 1
104 115 -1 1
103 115 -1 1
102 115 -1 1
101 115 -1 1
100 115 -1 1
99 115 -1 1
98 115 -1 1
97 115 -1 1
96 115 -1 1
95 115 -1 1
144 114 -1 1
143 114 -1 1
142 114 -1 1
141 114 -1 1
140 114 -1 1
139 114 -1 1
138 114 -1 1
137 114 -1 1
136 114 -1 1
135 114 -1 1
134 114 -1 1
133 114 -1 1
132 114 -1 1
131 114 -1 1
130 114 -1 1
129 114 -1 1
128 114 -1 1
127 114 -1 1
126 114 -1 1
125 114 -1 1
124 114 -1 1
123 114 -1 1
122 114 -1 1
121 114 -1 1
120 114 -1 1
119 114 -1 1
118 114 -1 1
117 114 -1 1
116 114 -1 1
115 114 -1 1
114 114 -1 1
113 114 -1 1
112 114 -1 1
111 114 -1 1
110 114 -1 1
109 114 -1 1
108 114 -1 1
107 114 -1 1
106 114 -1 1
105 114 -1 1
104 114 -1 1
103 114 -1 1
102 114 -1 1
101 114 -1 1
100 114 -1 1
99 114 -1 1
98 114 -1 1
97 114 -1 1
96 114 -1 1
95 114 -1 1
145 113 -1 1
144 113 -1 1
143 113 -1 1
142 113 -1 1
141 113 -1 1
140 113 -1 1
139 113 -1 1
138 113 -1 1
137 113 -1 1
136 113 -1 1
135 113 -1 1
134 113 -1 1
133 113 -1 1
132 113 -1 1
131 113 -1 1
130 113 -1 1
129 113 -1 1
128 113 -1 1
127 113 -1 1
126 113 -1 1
125 113 -1 1
124 113 -1 1
123 113 -1 1
122 113 -1 1
121 113 -1 1
120 113 -1 1
119 113 -1 1
118 113 -1 1
117 113 -1 1
116 113 -1 1
115 113 -1 1
114 113 -1 1
113 113 -1 1
112 113 -1 1
111 113 -1 1
110 113 -1 1
109 113 -1 1
108 113 -1 1
107 113 -1 1
106 113 -1 1
105 113 -1 1
104 113 -1 1
103 113 -1 1
102 113 -1 1
101 113 -1 1
100 113 -1 1
99 113 -1 1
98 113 -1 1
97 113 -1 1
96 113 -1 1
147 112 -1 1
146 112 -1 1
145 112 -1 1
144 112 -1 1
143 112 -1 1
142 112 -1 1
141 112 -1 1
140 112 -1 1
139 112 -1 1
138 112 -1 1
137 112 -1 1
136 112 -1 1
135 112 -1 1
134 112 -1 1
133 112 -1 1
132 112 -1 1
131 112 -1 1
130 112 -1 1
129 112 -1 1
128 112 -1 1
127 112 -1 1
126 112 -1 1
125 112 -1 1
124 112 -1 1
123 112 -1 1
122 112 -1 1
121 112 -1 1
120 112 -1 1
119 112 -1 1
118 112 -1 1
117 112 -1 1
116 112 -1 1
115 112 -1 1
114 112 -1 1
113 112 -1 1
112 112 -1 1
111 112 -1 1
110 112 -1 1
109 112 -1 1
108 112 -1 1
107 112 -1 1
106 112 -1 1
105 112 -1 1
104 112 -1 1
103 112 -1 1
102 112 -1 1
101 112 -1 1
100 112 -1 1
99 112 -1 1
98 112 -1 1
97 112 -1 1
96 112 -1 1
148 111 -1 1
147 111 -1 1
146 111 -1 1
145 111 -1 1
144 111 -1 1
143 111 -1 1
142 111 -1 1
141 111 -1 1
140 111 -1 1
139 111 -1 1
138 111 -1 1
137 111 -1 1
136 111 -1 1
135 111 -1 1
134 111 -1 1
133 111 -1 1
132 111 -1 1
131 111 -1 1
130 111 -1 1
129 111 -1 1
128 111 -1 1
127 111 -1 1
126 111 -1 1
125 111 -1 1
124 111 -1 1
123 111 -1 1
122 111 -1 1
121 111 -1 1
120 111 -1 1
119 111 -1 1
118 111 -1 1
117 111 -1 1
116 111 -1 1
115 111 -1 1
114 111 -1 1
113 111 -1 1
112 111 -1 1
111 111 -1 1
110 111 -1 1
109 111 -1 1
108 111 -1 1
107 111 -1 1
106 111 -1 1
105 111 -1 1
104 111 -1 1
103 111 -1 1
102 111 -1 1
101 111 -1 1
100 111 -1 1
99 111 -1 1
98 111 -1 1
97 111 -1 1
96 111 -1 1
148 110 -1 1
147 110 -1 1
146 110 -1 1
145 110 -1 1
144 110 -1 1
143 110 -1 1
142 110 -1 1
141 110 -1 1
140 110 -1 1
139 110 -1 1
138 110 -1 1
137 110 -1 1
136 110 -1 1
135 110 -1 1
134 110 -1 1
133 110 -1 1
132 110 -1 1
131 110 -1 1
130 110 -1 1
129 110 -1 1
128 110 -1 1
127 110 -1 1
126 110 -1 1
125 110 -1 1
124 110 -1 1
123 110 -1 1
122 110 -1 1
121 110 -1 1
120 110 -1 1
119 110 -1 1
118 110 -1 1
117 110 -1 1
116 110 -1 1
115 110 -1 1
114 110 -1 1
113 110 -1 1
112 110 -1 1
111 110 -1 1
110 110 -1 1
109 110 -1 1
108 110 -1 1
107 110 -1 1
106 110 -1 1
105 110 -1 1
104 110 -1 1
103 110 -1 1
102 110 -1 1
101 110 -1 1
100 110 -1 1
99 110 -1 1
98 110 -1 1
97 110 -1 1
148 109 -1 1
147 109 -1 1
146 109 -1 1
145 109 -1 1
144 109 -1 1
143 109 -1 1
142 109 -1 1
141 109 -1 1
140 109 -1 1
139 109 -1 1
138 109 -1 1
137 109 -1 1
136 109 -1 1
135 109 -1 1
134 109 -1 1
133 109 -1 1
132 109 -1 1
131 109 -1 1
130 109 -1 1
129 109 -1 1
128 109 -1 1
127 109 -1 1
126 109 -1 1
125 109 -1 1
124 109 -1 1
123 109 -1 1
122 109 -1 1
121 109 -1 1
120 109 -1 1
119 109 -1 1
118 109 -1 1
117 109 -1 1
116 109 -1 1
115 109 -1 1
114 109 -1 1
113 109 -1 1
112 109 -1 1
111 109 -1 1
110 109 -1 1
109 109 -1 1
108 109 -1 1
107 109 -1 1
106 109 -1 1
105 109 -1 1
104 109 -1 1
103 109 -1 1
102 109 -1 1
101 109 -1 1
100 109 -1 1
99 109 -1 1
98 109 -1 1
97 109 -1 1
149 108 -1 1
148 108 -1 1
147 108 -1 1
146 108 -1 1
145 108 -1 1
144 108 -1 1
143 108 -1 1
142 108 -1 1
141 108 -1 1
140 108 -1 1
139 108 -1 1
138 108 -1 1
137 108 -1 1
136 108 -1 1
135 108 -1 1
134 108 -1 1
133 108 -1 1
132 108 -1 1
131 108 -1 1
130 108 -1 1
129 108 -1 1
128 108 -1 1
127 108 -1 1
126 108 -1 1
125 108 -1 1
124 108 -1 1
123 108 -1 1
122 108 -1 1
121 108 -1 1
120 108 -1 1
119 108 -1 1
118 108 -1 1
117 108 -1 1
116 108 -1 1
115 108 -1 1
114 108 -1 1
113 108 -1 1
112 108 -1 1
111 108 -1 1
110 108 -1 1
109 108 -1 1
108 108 -1 1
107 108 -1 1
106 108 -1 1
105 108 -1 1
104 108 -1 1
103 108 -1 1
102 108 -1 1
101 108 -1 1
100 108 -1 1
99 108 -1 1
98 108 -1 1
148 107 -1 1
147 107 -1 1
146 107 -1 1
145 107 -1 1
144 107 -1 1
143 107 -1 1
142 107 -1 1
141 107 -1 1
140 107 -1 1
139 107 -1 1
138 107 -1 1
137 107 -1 1
136 107 -1 1
135 107 -1 1
134 107 -1 1
133 107 -1 1
132 107 -1 1
131 107 -1 1
130 107 -1 1
129 107 -1 1
128 107 -1 1
127 107 -1 1
126 107 -1 1
125 107 -1 1
124 107 -1 1
123 107 -1 1
122 107 -1 1
121 107 -1 1
120 107 -1 1
119 107 -1 1
118 107 -1 1
117 107 -1 1
116 107 -1 1
115 107 -1 1
114 107 -1 1
113 107 -1 1
112 107 -1 1
111 107 -1 1
110 107 -1 1
109 107 -1 1
108 107 -1 1
107 107 -1 1
106 107 -1 1
105 107 -1 1
104 107 -1 1
103 107 -1 1
102 107 -1 1
101 107 -1 1
100 107 -1 1
99 107 -1 1
98 107 -1 1
148 106 -1 1
147 106 -1 1
146 106 -1 1
145 106 -1 1
144 106 -1 1
143 106 -1 1
142 106 -1 1
141 106 -1 1
140 106 -1 1
139 106 -1 1
138 106 -1 1
137 106 -1 1
136 106 -1 1
135 106 -1 1
134 106 -1 1
133 106 -1 1
132 106 -1 1
131 106 -1 1
130 106 -1 1
129 106 -1 1
128 106 -1 1
127 106 -1 1
126 106 -1 1
125 106 -1 1
124 106 -1 1
123 106 -1 1
122 106 -1 1
121 106 -1 1
120 106 -1 1
119 106 -1 1
118 106 -1 1
117 106 -1 1
116 106 -1 1
115 106 -1 1
114 106 -1 1
113 106 -1 1
112 106 -1 1
111 106 -1 1
110 106 -1 1
109 106 -1 1
108 106 -1 1
107 106 -1 1
106 106 -1 1
105 106 -1 1
104 106 -1 1
103 106 -1 1
102 106 -1 1
101 106 -1 1
100 106 -1 1
99 106 -1 1
98 106 -1 1
148 105 -1 1
147 105 -1 1
146 105 -1 1
145 105 -1 1
144 105 -1 1
143 105 -1 1
142 105 -1 1
141 105 -1 1
140 105 -1 1
139 105 -1 1
138 105 -1 1
137 105 -1 1
136 105 -1 1
135 105 -1 1
134 105 -1 1
133 105 -1 1
132 105 -1 1
131 105 -1 1
130 105 -1 1
129 105 -1 1
128 105 -1 1
127 105 -1 1
126 105 -1 1
125 105 -1 1
124 105 -1 1
123 105 -1 1
122 105 -1 1
121 105 -1 1
120 105 -1 1
119 105 -1 1
118 105 -1 1
117 105 -1 1
116 105 -1 1
115 105 -1 1
114 105 -1 1
113 105 -1 1
112 105 -1 1
111 105 -1 1
110 105 -1 1
109 105 -1 1
108 105 -1 1
107 105 -1 1
106 105 -1 1
105 105 -1 1
104 105 -1 1
103 105 -1 1
102 105 -1 1
101 105 -1 1
100 105 -1 1
99 105 -1 1
147 104 -1 1
146 104 -1 1
145 104 -1 1
144 104 -1 1
143 104 -1 1
142 104 -1 1
141 104 -1 1
140 104 -1 1
139 104 -1 1
138 104 -1 1
137 104 -1 1
136 104 -1 1
135 104 -1 1
134 104 -1 1
133 104 -1 1
132 104 -1 1
131 104 -1 1
130 104 -1 1
129 104 -1 1
128 104 -1 1
127 104 -1 1
126 104 -1 1
125 104 -1 1
124 104 -1 1
123 104 -1 1
122 104 -1 1
121 104 -1 1
120 104 -1 1
119 104 -1 1
118 104 -1 1
117 104 -1 1
116 104 -1 1
115 104 -1 1
114 104 -1 1
113 104 -1 1
112 104 -1 1
111 104 -1 1
110 104 -1 1
109 104 -1 1
108 104 -1 1
107 104 -1 1
106 104 -1 1
105 104 -1 1
104 104 -1 1
103 104 -1 1
102 104 -1 1
101 104 -1 1
100 104 -1 1
99 104 -1 1
148 103 -1 1
147 103 -1 1
146 103 -1 1
145 103 -1 1
144 103 -1 1
143 103 -1 1
142 103 -1 1
141 103 -1 1
140 103 -1 1
139 103 -1 1
138 103 -1 1
137 103 -1 1
136 103 -1 1
135 103 -1 1
134 103 -1 1
133 103 -1 1
132 103 -1 1
131 103 -1 1
130 103 -1 1
129 103 -1 1
128 103 -1 1
127 103 -1 1
126 103 -1 1
125 103 -1 1
124 103 -1 1
123 103 -1 1
122 103 -1 1
121 103 -1 1
120 103 -1 1
119 103 -1 1
118 103 -1 1
117 103 -1 1
116 103 -1 1
115 103 -1 1
114 103 -1 1
113 103 -1 1
112 103 -1 1
111 103 -1 1
110 103 -1 1
109 103 -1 1
108 103 -1 1
107 103 -1 1
106 103 -1 1
105 103 -1 1
104 103 -1 1
103 103 -1 1
102 103 -1 1
101 103 -1 1
100 103 -1 1
148 102 -1 1
147 102 -1 1
146 102 -1 1
145 102 -1 1
144 102 -1 1
143 102 -1 1
142 102 -1 1
141 102 -1 1
140 102 -1 1
139 102 -1 1
138 102 -1 1
137 102 -1 1
136 102 -1 1
135 102 -1 1
134 102 -1 1
133 102 -1 1
132 102 -1 1
131 102 -1 1
130 102 -1 1
129 102 -1 1
128 102 -1 1
127 102 -1 1
126 102 -1 1
125 102 -1 1
124 102 -1 1
123 102 -1 1
122 102 -1 1
121 102 -1 1
120 102 -1 1
119 102 -1 1
118 102 -1 1
117 102 -1 1
116 102 -1 1
115 102 -1 1
114 102 -1 1
113 102 -1 1
112 102 -1 1
111 102 -1 1
110 102 -1 1
109 102 -1 1
108 102 -1 1
107 102 -1 1
106 102 -1 1
105 102 -1 1
104 102 -1 1
103 102 -1 1
102 102 -1 1
101 102 -1 1
148 101 -1 1
147 101 -1 1
146 101 -1 1
145 101 -1 1
144 101 -1 1
143 101 -1 1
142 101 -1 1
141 101 -1 1
140 101 -1 1
139 101 -1 1
138 101 -1 1
137 101 -1 1
136 101 -1 1
135 101 -1 1
134 101 -1 1
133 101 -1 1
132 101 -1 1
131 101 -1 1
130 101 -1 1
129 101 -1 1
128 101 -1 1
127 101 -1 1
126 101 -1 1
125 101 -1 1
124 101 -1 1
123 101 -1 1
122 101 -1 1
121 101 -1 1
120 101 -1 1
119 101 -1 1
118 101 -1 1
117 101 -1 1
116 101 -1 1
115 101 -1 1
114 101 -1 1
113 101 -1 1
112 101 -1 1
111 101 -1 1
110 101 -1 1
109 101 -1 1
108 101 -1 1
107 101 -1 1
106 101 -1 1
105 101 -1 1
104 101 -1 1
103 101 -1 1
102 101 -1 1
149 100 -1 1
148 100 -1 1
147 100 -1 1
146 100 -1 1
145 100 -1 1
144 100 -1 1
143 100 -1 1
142 100 -1 1
141 100 -1 1
140 100 -1 1
139 100 -1 1
138 100 -1 1
137 100 -1 1
136 100 -1 1
135 100 -1 1
134 100 -1 1
133 100 -1 1
132 100 -1 1
131 100 -1 1
130 100 -1 1
129 100 -1 1
128 100 -1 1
127 100 -1 1
126 100 -1 1
125 100 -1 1
124 100 -1 1
123 100 -1 1
122 100 -1 1
121 100 -1 1
120 100 -1 1
119 100 -1 1
118 100 -1 1
117 100 -1 1
116 100 -1 1
115 100 -1 1
114 100 -1 1
113 100 -1 1
112 100 -1 1
111 100 -1 1
110 100 -1 1
109 100 -1 1
108 100 -1 1
107 100 -1 1
106 100 -1 1
105 100 -1 1
104 100 -1 1
148 99 -1 1
147 99 -1 1
146 99 -1 1
145 99 -1 1
144 99 -1 1
143 99 -1 1
142 99 -1 1
141 99 -1 1
140 99 -1 1
139 99 -1 1
138 99 -1 1
137 99 -1 1
136 99 -1 1
135 99 -1 1
134 99 -1 1
133 99 -1 1
132 99 -1 1
131 99 -1 1
130 99 -1 1
129 99 -1 1
128 99 -1 1
127 99 -1 1
126 99 -1 1
125 99 -1 1
124 99 -1 1
123 99 -1 1
122 99 -1 1
121 99 -1 1
120 99 -1 1
119 99 -1 1
118 99 -1 1
117 99 -1 1
116 99 -1 1
115 99 -1 1
114 99 -1 1
113 99 -1 1
112 99 -1 1
111 99 -1 1
110 99 -1 1
109 99 -1 1
108 99 -1 1
107 99 -1 1
106 99 -1 1
105 99 -1 1
148 98 -1 1
147 98 -1 1
146 98 -1 1
145 98 -1 1
144 98 -1 1
143 98 -1 1
142 98 -1 1
141 98 -1 1
140 98 -1 1
139 98 -1 1
138 98 -1 1
137 98 -1 1
136 98 -1 1
135 98 -1 1
134 98 -1 1
133 98 -1 1
132 98 -1 1
131 98 -1 1
130 98 -1 1
129 98 -1 1
128 98 -1 1
127 98 -1 1
126 98 -1 1
125 98 -1 1
124 98 -1 1
123 98 -1 1
122 98 -1 1
121 98 -1 1
120 98 -1 1
119 98 -1 1
118 98 -1 1
117 98 -1 1
116 98 -1 1
115 98 -1 1
114 98 -1 1
113 98 -1 1
112 98 -1 1
111 98 -1 1
110 98 -1 1
109 98 -1 1
108 98 -1 1
107 98 -1 1
148 97 -1 1
147 97 -1 1
146 97 -1 1
145 97 -1 1
144 97 -1 1
143 97 -1 1
142 97 -1 1
141 97 -1 1
140 97 -1 1
139 97 -1 1
138 97 -1 1
137 97 -1 1
136 97 -1 1
135 97 -1 1
134 97 -1 1
133 97 -1 1
132 97 -1 1
131 97 -1 1
130 97 -1 1
129 97 -1 1
128 97 -1 1
127 97 -1 1
126 97 -1 1
125 97 -1 1
124 97 -1 1
123 97 -1 1
122 97 -1 1
121 97 -1 1
120 97 -1 1
119 97 -1 1
118 97 -1 1
117 97 -1 1
116 97 -1 1
115 97 -1 1
114 97 -1 1
113 97 -1 1
112 97 -1 1
111 97 -1 1
110 97 -1 1
109 97 -1 1
147 96 -1 1
146 96 -1 1
145 96 -1 1
144 96 -1 1
143 96 -1 1
142 96 -1 1
141 96 -1 1
140 96 -1 1
139 96 -1 1
138 96 -1 1
137 96 -1 1
136 96 -1 1
135 96 -1 1
134 96 -1 1
133 96 -1 1
132 96 -1 1
131 96 -1 1
130 96 -1 1
129 96 -1 1
128 96 -1 1
127 96 -1 1
126 96 -1 1
125 96 -1 1
124 96 -1 1
123 96 -1 1
122 96 -1 1
121 96 -1 1
120 96 -1 1
119 96 -1 1
118 96 -1 1
117 96 -1 1
116 96 -1 1
115 96 -1 1
114 96 -1 1
113 96 -1 1
112 96 -1 1
111 96 -1 1
144 95 -1 1
143 95 -1 1
142 95 -1 1
141 95 -1 1
140 95 -1 1
139 95 -1 1
138 95 -1 1
137 95 -1 1
136 95 -1 1
135 95 -1 1
134 95 -1 1
133 95 -1 1
132 95 -1 1
131 95 -1 1
130 95 -1 1
129 95 -1 1
128 95 -1 1
127 95 -1 1
126 95 -1 1
125 95 -1 1
124 95 -1 1
123 95 -1 1
122 95 -1 1
121 95 -1 1
120 95 -1 1
119 95 -1 1
118 95 -1 1
117 95 -1 1
116 95 -1 1
115 95 -1 1
114 95 -1 1
132 94 -1 1
131 94 -1 1
130 94 -1 1
129 94 -1 1
128 94 -1 1
127 94 -1 1
126 94 -1 1
125 94 -1 1
124 94 -1 1
123 94 -1 1
122 94 -1 1
121 94 -1 1
120 94 -1 1
119 94 -1 1
118 94 -1 1
117 94 -1 1
