2194 408 341
155 217 -1 0
154 217 -1 0
153 217 -1 0
158 216 -1 0
157 216 -1 0
156 216 -1 0
155 216 -1 0
154 216 -1 0
153 216 -1 0
152 216 -1 0
151 216 -1 0
150 216 -1 0
159 215 -1 0
158 215 -1 0
157 215 -1 0
156 215 -1 0
155 215 -1 0
154 215 -1 0
153 215 -1 0
152 215 -1 0
151 215 -1 0
150 215 -1 0
149 215 -1 0
148 215 -1 0
159 214 -1 0
158 214 -1 0
157 214 -1 0
156 214 -1 0
155 214 -1 0
154 214 -1 0
153 214 -1 0
152 214 -1 0
151 214 -1 0
150 214 -1 0
149 214 -1 0
148 214 -1 0
147 214 -1 0
146 214 -1 0
159 213 -1 0
158 213 -1 0
157 213 -1 0
156 213 -1 0
155 213 -1 0
154 213 -1 0
153 213 -1 0
152 213 -1 0
151 213 -1 0
150 213 -1 0
149 213 -1 0
148 213 -1 0
147 213 -1 0
146 213 -1 0
145 213 -1 0
160 212 -1 0
159 212 -1 0
158 212 -1 0
157 212 -1 0
156 212 -1 0
155 212 -1 0
154 212 -1 0
153 212 -1 0
152 212 -1 0
151 212 -1 0
150 212 -1 0
149 212 -1 0
148 212 -1 0
147 212 -1 0
146 212 -1 0
145 212 -1 0
144 212 -1 0
159 211 -1 0
158 211 -1 0
157 211 -1 0
156 211 -1 0
155 211 -1 0
154 211 -1 0
153 211 -1 0
152 211 -1 0
151 211 -1 0
150 211 -1 0
149 211 -1 0
148 211 -1 0
147 211 -1 0
146 211 -1 0
145 211 -1 0
144 211 -1 0
143 211 -1 0
159 210 -1 0
158 210 -1 0
157 210 -1 0
156 210 -1 0
155 210 -1 0
154 210 -1 0
153 210 -1 0
152 210 -1 0
151 210 -1 0
150 210 -1 0
149 210 -1 0
148 210 -1 0
147 210 -1 0
146 210 -1 0
145 210 -1 0
144 210 -1 0
143 210 -1 0
159 209 -1 0
158 209 -1 0
157 209 -1 0
156 209 -1 0
155 209 -1 0
154 209 -1 0
153 209 -1 0
152 209 -1 0
151 209 -1 0
150 209 -1 0
149 209 -1 0
148 209 -1 0
147 209 -1 0
146 209 -1 0
145 209 -1 0
144 209 -1 0
143 209 -1 0
142 209 -1 0
158 208 -1 0
157 208 -1 0
156 208 -1 0
155 208 -1 0
154 208 -1 0
153 208 -1 0
152 208 -1 0
151 208 -1 0
150 208 -1 0
149 208 -1 0
148 208 -1 0
147 208 -1 0
146 208 -1 0
145 208 -1 0
144 208 -1 0
143 208 -1 0
142 208 -1 0
141 208 -1 0
156 207 -1 0
155 207 -1 0
154 207 -1 0
153 207 -1 0
152 207 -1 0
151 207 -1 0
150 207 -1 0
149 207 -1 0
148 207 -1 0
147 207 -1 0
146 207 -1 0
145 207 -1 0
144 207 -1 0
143 207 -1 0
142 207 -1 0
141 207 -1 0
154 206 -1 0
153 206 -1 0
152 206 -1 0
151 206 -1 0
150 206 -1 0
149 206 -1 0
148 206 -1 0
147 206 -1 0
146 206 -1 0
145 206 -1 0
144 206 -1 0
143 206 -1 0
142 206 -1 0
141 206 -1 0
140 206 -1 0
152 205 -1 0
151 205 -1 0
150 205 -1 0
149 205 -1 0
148 205 -1 0
147 205 -1 0
146 205 -1 0
145 205 -1 0
144 205 -1 0
143 205 -1 0
142 205 -1 0
141 205 -1 0
140 205 -1 0
139 205 -1 0
151 204 -1 0
150 204 -1 0
149 204 -1 0
148 204 -1 0
147 204 -1 0
146 204 -1 0
145 204 -1 0
144 204 -1 0
143 204 -1 0
142 204 -1 0
141 204 -1 0
140 204 -1 0
139 204 -1 0
150 203 -1 0
149 203 -1 0
148 203 -1 0
147 203 -1 0
146 203 -1 0
145 203 -1 0
144 203 -1 0
143 203 -1 0
142 203 -1 0
141 203 -1 0
140 203 -1 0
139 203 -1 0
138 203 -1 0
150 202 -1 0
149 202 -1 0
148 202 -1 0
147 202 -1 0
146 202 -1 0
145 202 -1 0
144 202 -1 0
143 202 -1 0
142 202 -1 0
141 202 -1 0
140 202 -1 0
139 202 -1 0
138 202 -1 0
149 201 -1 0
148 201 -1 0
147 201 -1 0
146 201 -1 0
145 201 -1 0
144 201 -1 0
143 201 -1 0
142 201 -1 0
141 201 -1 0
140 201 -1 0
139 201 -1 0
138 201 -1 0
137 201 -1 0
136 201 -1 0
135 201 -1 0
149 200 -1 0
148 200 -1 0
147 200 -1 0
146 200 -1 0
145 200 -1 0
144 200 -1 0
143 200 -1 0
142 200 -1 0
141 200 -1 0
140 200 -1 0
139 200 -1 0
138 200 -1 0
137 200 -1 0
136 200 -1 0
135 200 -1 0
134 200 -1 0
149 199 -1 0
148 199 -1 0
147 199 -1 0
146 199 -1 0
145 199 -1 0
144 199 -1 0
143 199 -1 0
142 199 -1 0
141 199 -1 0
140 199 -1 0
139 199 -1 0
138 199 -1 0
137 199 -1 0
136 199 -1 0
135 199 -1 0
134 199 -1 0
148 198 -1 0
147 198 -1 0
146 198 -1 0
145 198 -1 0
144 198 -1 0
143 198 -1 0
142 198 -1 0
141 198 -1 0
140 198 -1 0
139 198 -1 0
138 198 -1 0
137 198 -1 0
136 198 -1 0
135 198 -1 0
134 198 -1 0
147 197 -1 0
146 197 -1 0
145 197 -1 0
144 197 -1 0
143 197 -1 0
142 197 -1 0
141 197 -1 0
140 197 -1 0
139 197 -1 0
138 197 -1 0
137 197 -1 0
136 197 -1 0
135 197 -1 0
134 197 -1 0
133 197 -1 0
146 196 -1 0
145 196 -1 0
144 196 -1 0
143 196 -1 0
142 196 -1 0
141 196 -1 0
140 196 -1 0
139 196 -1 0
138 196 -1 0
137 196 -1 0
136 196 -1 0
135 196 -1 0
134 196 -1 0
133 196 -1 0
145 195 -1 0
144 195 -1 0
143 195 -1 0
142 195 -1 0
141 195 -1 0
140 195 -1 0
139 195 -1 0
138 195 -1 0
137 195 -1 0
136 195 -1 0
135 195 -1 0
134 195 -1 0
133 195 -1 0
132 195 -1 0
144 194 -1 0
143 194 -1 0
142 194 -1 0
141 194 -1 0
140 194 -1 0
139 194 -1 0
138 194 -1 0
137 194 -1 0
136 194 -1 0
135 194 -1 0
134 194 -1 0
133 194 -1 0
132 194 -1 0
143 193 -1 0
142 193 -1 0
141 193 -1 0
140 193 -1 0
139 193 -1 0
138 193 -1 0
137 193 -1 0
136 193 -1 0
135 193 -1 0
134 193 -1 0
133 193 -1 0
132 193 -1 0
143 192 -1 0
142 192 -1 0
141 192 -1 0
140 192 -1 0
139 192 -1 0
138 192 -1 0
137 192 -1 0
136 192 -1 0
135 192 -1 0
134 192 -1 0
133 192 -1 0
132 192 -1 0
131 192 -1 0
142 191 -1 0
141 191 -1 0
140 191 -1 0
139 191 -1 0
138 191 -1 0
137 191 -1 0
136 191 -1 0
135 191 -1 0
134 191 -1 0
133 191 -1 0
132 191 -1 0
131 191 -1 0
142 190 -1 0
141 190 -1 0
140 190 -1 0
139 190 -1 0
138 190 -1 0
137 190 -1 0
136 190 -1 0
135 190 -1 0
134 190 -1 0
133 190 -1 0
132 190 -1 0
131 190 -1 0
130 190 -1 0
129 190 -1 0
142 189 -1 0
141 189 -1 0
140 189 -1 0
139 189 -1 0
138 189 -1 0
137 189 -1 0
136 189 -1 0
135 189 -1 0
134 189 -1 0
133 189 -1 0
132 189 -1 0
131 189 -1 0
130 189 -1 0
129 189 -1 0
128 189 -1 0
141 188 -1 0
140 188 -1 0
139 188 -1 0
138 188 -1 0
137 188 -1 0
136 188 -1 0
135 188 -1 0
134 188 -1 0
133 188 -1 0
132 188 -1 0
131 188 -1 0
130 188 -1 0
129 188 -1 0
128 188 -1 0
127 188 -1 0
140 187 -1 0
139 187 -1 0
138 187 -1 0
137 187 -1 0
136 187 -1 0
135 187 -1 0
134 187 -1 0
133 187 -1 0
132 187 -1 0
131 187 -1 0
130 187 -1 0
129 187 -1 0
128 187 -1 0
127 187 -1 0
126 187 -1 0
140 186 -1 0
139 186 -1 0
138 186 -1 0
137 186 -1 0
136 186 -1 0
135 186 -1 0
134 186 -1 0
133 186 -1 0
132 186 -1 0
131 186 -1 0
130 186 -1 0
129 186 -1 0
128 186 -1 0
127 186 -1 0
126 186 -1 0
139 185 -1 0
138 185 -1 0
137 185 -1 0
136 185 -1 0
135 185 -1 0
134 185 -1 0
133 185 -1 0
132 185 -1 0
131 185 -1 0
130 185 -1 0
129 185 -1 0
128 185 -1 0
127 185 -1 0
126 185 -1 0
125 185 -1 0
139 184 -1 0
138 184 -1 0
137 184 -1 0
136 184 -1 0
135 184 -1 0
134 184 -1 0
133 184 -1 0
132 184 -1 0
131 184 -1 0
130 184 -1 0
129 184 -1 0
128 184 -1 0
127 184 -1 0
126 184 -1 0
125 184 -1 0
139 183 -1 0
138 183 -1 0
137 183 -1 0
136 183 -1 0
135 183 -1 0
134 183 -1 0
133 183 -1 0
132 183 -1 0
131 183 -1 0
130 183 -1 0
129 183 -1 0
128 183 -1 0
127 183 -1 0
126 183 -1 0
125 183 -1 0
124 183 -1 0
123 183 -1 0
138 182 -1 0
137 182 -1 0
136 182 -1 0
135 182 -1 0
134 182 -1 0
133 182 -1 0
132 182 -1 0
131 182 -1 0
130 182 -1 0
129 182 -1 0
128 182 -1 0
127 182 -1 0
126 182 -1 0
125 182 -1 0
124 182 -1 0
123 182 -1 0
122 182 -1 0
136 181 -1 0
135 181 -1 0
134 181 -1 0
133 181 -1 0
132 181 -1 0
131 181 -1 0
130 181 -1 0
129 181 -1 0
128 181 -1 0
127 181 -1 0
126 181 -1 0
125 181 -1 0
124 181 -1 0
123 181 -1 0
122 181 -1 0
121 181 -1 0
120 181 -1 0
119 181 -1 0
135 180 -1 0
134 180 -1 0
133 180 -1 0
132 180 -1 0
131 180 -1 0
130 180 -1 0
129 180 -1 0
128 180 -1 0
127 180 -1 0
126 180 -1 0
125 180 -1 0
124 180 -1 0
123 180 -1 0
122 180 -1 0
121 180 -1 0
120 180 -1 0
119 180 -1 0
118 180 -1 0
134 179 -1 0
133 179 -1 0
132 179 -1 0
131 179 -1 0
130 179 -1 0
129 179 -1 0
128 179 -1 0
127 179 -1 0
126 179 -1 0
125 179 -1 0
124 179 -1 0
123 179 -1 0
122 179 -1 0
121 179 -1 0
120 179 -1 0
119 179 -1 0
118 179 -1 0
133 178 -1 0
132 178 -1 0
131 178 -1 0
130 178 -1 0
129 178 -1 0
128 178 -1 0
127 178 -1 0
126 178 -1 0
125 178 -1 0
124 178 -1 0
123 178 -1 0
122 178 -1 0
121 178 -1 0
120 178 -1 0
119 178 -1 0
118 178 -1 0
133 177 -1 0
132 177 -1 0
131 177 -1 0
130 177 -1 0
129 177 -1 0
128 177 -1 0
127 177 -1 0
126 177 -1 0
125 177 -1 0
124 177 -1 0
123 177 -1 0
122 177 -1 0
121 177 -1 0
120 177 -1 0
119 177 -1 0
118 177 -1 0
117 177 -1 0
116 177 -1 0
132 176 -1 0
131 176 -1 0
130 176 -1 0
129 176 -1 0
128 176 -1 0
127 176 -1 0
126 176 -1 0
125 176 -1 0
124 176 -1 0
123 176 -1 0
122 176 -1 0
121 176 -1 0
120 176 -1 0
119 176 -1 0
118 176 -1 0
117 176 -1 0
116 176 -1 0
115 176 -1 0
114 176 -1 0
113 176 -1 0
131 175 -1 0
130 175 -1 0
129 175 -1 0
128 175 -1 0
127 175 -1 0
126 175 -1 0
125 175 -1 0
124 175 -1 0
123 175 -1 0
122 175 -1 0
121 175 -1 0
120 175 -1 0
119 175 -1 0
118 175 -1 0
117 175 -1 0
116 175 -1 0
115 175 -1 0
114 175 -1 0
113 175 -1 0
112 175 -1 0
129 174 -1 0
128 174 -1 0
127 174 -1 0
126 174 -1 0
125 174 -1 0
124 174 -1 0
123 174 -1 0
122 174 -1 0
121 174 -1 0
120 174 -1 0
119 174 -1 0
118 174 -1 0
117 174 -1 0
116 174 -1 0
115 174 -1 0
114 174 -1 0
113 174 -1 0
112 174 -1 0
111 174 -1 0
127 173 -1 0
126 173 -1 0
125 173 -1 0
124 173 -1 0
123 173 -1 0
122 173 -1 0
121 173 -1 0
120 173 -1 0
119 173 -1 0
118 173 -1 0
117 173 -1 0
116 173 -1 0
115 173 -1 0
114 173 -1 0
113 173 -1 0
112 173 -1 0
111 173 -1 0
110 173 -1 0
126 172 -1 0
125 172 -1 0
124 172 -1 0
123 172 -1 0
122 172 -1 0
121 172 -1 0
120 172 -1 0
119 172 -1 0
118 172 -1 0
117 172 -1 0
116 172 -1 0
115 172 -1 0
114 172 -1 0
113 172 -1 0
112 172 -1 0
111 172 -1 0
110 172 -1 0
109 172 -1 0
125 171 -1 0
124 171 -1 0
123 171 -1 0
122 171 -1 0
121 171 -1 0
120 171 -1 0
119 171 -1 0
118 171 -1 0
117 171 -1 0
116 171 -1 0
115 171 -1 0
114 171 -1 0
113 171 -1 0
112 171 -1 0
111 171 -1 0
110 171 -1 0
109 171 -1 0
108 171 -1 0
125 170 -1 0
124 170 -1 0
123 170 -1 0
122 170 -1 0
121 170 -1 0
120 170 -1 0
119 170 -1 0
118 170 -1 0
117 170 -1 0
116 170 -1 0
115 170 -1 0
114 170 -1 0
113 170 -1 0
112 170 -1 0
111 170 -1 0
110 170 -1 0
109 170 -1 0
108 170 -1 0
107 170 -1 0
124 169 -1 0
123 169 -1 0
122 169 -1 0
121 169 -1 0
120 169 -1 0
119 169 -1 0
118 169 -1 0
117 169 -1 0
116 169 -1 0
115 169 -1 0
114 169 -1 0
113 169 -1 0
112 169 -1 0
111 169 -1 0
110 169 -1 0
109 169 -1 0
108 169 -1 0
107 169 -1 0
123 168 -1 0
122 168 -1 0
121 168 -1 0
120 168 -1 0
119 168 -1 0
118 168 -1 0
117 168 -1 0
116 168 -1 0
115 168 -1 0
114 168 -1 0
113 168 -1 0
112 168 -1 0
111 168 -1 0
110 168 -1 0
109 168 -1 0
108 168 -1 0
107 168 -1 0
106 168 -1 0
105 168 -1 0
120 167 -1 0
119 167 -1 0
118 167 -1 0
117 167 -1 0
116 167 -1 0
115 167 -1 0
114 167 -1 0
113 167 -1 0
112 167 -1 0
111 167 -1 0
110 167 -1 0
109 167 -1 0
108 167 -1 0
107 167 -1 0
106 167 -1 0
105 167 -1 0
104 167 -1 0
118 166 -1 0
117 166 -1 0
116 166 -1 0
115 166 -1 0
114 166 -1 0
113 166 -1 0
112 166 -1 0
111 166 -1 0
110 166 -1 0
109 166 -1 0
108 166 -1 0
107 166 -1 0
106 166 -1 0
105 166 -1 0
104 166 -1 0
103 166 -1 0
233 165 -1 1
117 165 -1 0
116 165 -1 0
115 165 -1 0
114 165 -1 0
113 165 -1 0
112 165 -1 0
111 165 -1 0
110 165 -1 0
109 165 -1 0
108 165 -1 0
107 165 -1 0
106 165 -1 0
105 165 -1 0
104 165 -1 0
103 165 -1 0
102 165 -1 0
236 164 -1 1
235 164 -1 1
234 164 -1 1
233 164 -1 1
232 164 -1 1
231 164 -1 1
230 164 -1 1
229 164 -1 1
228 164 -1 1
227 164 -1 1
226 164 -1 1
225 164 -1 1
224 164 -1 1
223 164 -1 1
222 164 -1 1
221 164 -1 1
220 164 -1 1
219 164 -1 1
218 164 -1 1
217 164 -1 1
216 164 -1 1
215 164 -1 1
116 164 -1 0
115 164 -1 0
114 164 -1 0
113 164 -1 0
112 164 -1 0
111 164 -1 0
110 164 -1 0
109 164 -1 0
108 164 -1 0
107 164 -1 0
106 164 -1 0
105 164 -1 0
104 164 -1 0
103 164 -1 0
102 164 -1 0
101 164 -1 0
237 163 -1 1
236 163 -1 1
235 163 -1 1
234 163 -1 1
233 163 -1 1
232 163 -1 1
231 163 -1 1
230 163 -1 1
229 163 -1 1
228 163 -1 1
227 163 -1 1
226 163 -1 1
225 163 -1 1
224 163 -1 1
223 163 -1 1
222 163 -1 1
221 163 -1 1
220 163 -1 1
219 163 -1 1
218 163 -1 1
217 163 -1 1
216 163 -1 1
215 163 -1 1
214 163 -1 1
213 163 -1 1
212 163 -1 1
211 163 -1 1
210 163 -1 1
115 163 -1 0
114 163 -1 0
113 163 -1 0
112 163 -1 0
111 163 -1 0
110 163 -1 0
109 163 -1 0
108 163 -1 0
107 163 -1 0
106 163 -1 0
105 163 -1 0
104 163 -1 0
103 163 -1 0
102 163 -1 0
101 163 -1 0
100 163 -1 0
237 162 -1 1
236 162 -1 1
235 162 -1 1
234 162 -1 1
233 162 -1 1
232 162 -1 1
231 162 -1 1
230 162 -1 1
229 162 -1 1
228 162 -1 1
227 162 -1 1
226 162 -1 1
225 162 -1 1
224 162 -1 1
223 162 -1 1
222 162 -1 1
221 162 -1 1
220 162 -1 1
219 162 -1 1
218 162 -1 1
217 162 -1 1
216 162 -1 1
215 162 -1 1
214 162 -1 1
213 162 -1 1
212 162 -1 1
211 162 -1 1
210 162 -1 1
209 162 -1 1
208 162 -1 1
207 162 -1 1
115 162 -1 0
114 162 -1 0
113 162 -1 0
112 162 -1 0
111 162 -1 0
110 162 -1 0
109 162 -1 0
108 162 -1 0
107 162 -1 0
106 162 -1 0
105 162 -1 0
104 162 -1 0
103 162 -1 0
102 162 -1 0
101 162 -1 0
100 162 -1 0
99 162 -1 0
237 161 -1 1
236 161 -1 1
235 161 -1 1
234 161 -1 1
233 161 -1 1
232 161 -1 1
231 161 -1 1
230 161 -1 1
229 161 -1 1
228 161 -1 1
227 161 -1 1
226 161 -1 1
225 161 -1 1
224 161 -1 1
223 161 -1 1
222 161 -1 1
221 161 -1 1
220 161 -1 1
219 161 -1 1
218 161 -1 1
217 161 -1 1
216 161 -1 1
215 161 -1 1
214 161 -1 1
213 161 -1 1
212 161 -1 1
211 161 -1 1
210 161 -1 1
209 161 -1 1
208 161 -1 1
207 161 -1 1
206 161 -1 1
205 161 -1 1
204 161 -1 1
203 161 -1 1
114 161 -1 0
113 161 -1 0
112 161 -1 0
111 161 -1 0
110 161 -1 0
109 161 -1 0
108 161 -1 0
107 161 -1 0
106 161 -1 0
105 161 -1 0
104 161 -1 0
103 161 -1 0
102 161 -1 0
101 161 -1 0
100 161 -1 0
99 161 -1 0
98 161 -1 0
97 161 -1 0
238 160 -1 1
237 160 -1 1
236 160 -1 1
235 160 -1 1
234 160 -1 1
233 160 -1 1
232 160 -1 1
231 160 -1 1
230 160 -1 1
229 160 -1 1
228 160 -1 1
227 160 -1 1
226 160 -1 1
225 160 -1 1
224 160 -1 1
223 160 -1 1
222 160 -1 1
221 160 -1 1
220 160 -1 1
219 160 -1 1
218 160 -1 1
217 160 -1 1
216 160 -1 1
215 160 -1 1
214 160 -1 1
213 160 -1 1
212 160 -1 1
211 160 -1 1
210 160 -1 1
209 160 -1 1
208 160 -1 1
207 160 -1 1
206 160 -1 1
205 160 -1 1
204 160 -1 1
203 160 -1 1
202 160 -1 1
201 160 -1 1
200 160 -1 1
112 160 -1 0
111 160 -1 0
110 160 -1 0
109 160 -1 0
108 160 -1 0
107 160 -1 0
106 160 -1 0
105 160 -1 0
104 160 -1 0
103 160 -1 0
102 160 -1 0
101 160 -1 0
100 160 -1 0
99 160 -1 0
98 160 -1 0
97 160 -1 0
96 160 -1 0
238 159 -1 1
237 159 -1 1
236 159 -1 1
235 159 -1 1
234 159 -1 1
233 159 -1 1
232 159 -1 1
231 159 -1 1
230 159 -1 1
229 159 -1 1
228 159 -1 1
227 159 -1 1
226 159 -1 1
225 159 -1 1
224 159 -1 1
223 159 -1 1
222 159 -1 1
221 159 -1 1
220 159 -1 1
219 159 -1 1
218 159 -1 1
217 159 -1 1
216 159 -1 1
215 159 -1 1
214 159 -1 1
213 159 -1 1
212 159 -1 1
211 159 -1 1
210 159 -1 1
209 159 -1 1
208 159 -1 1
207 159 -1 1
206 159 -1 1
205 159 -1 1
204 159 -1 1
203 159 -1 1
202 159 -1 1
201 159 -1 1
200 159 -1 1
199 159 -1 1
198 159 -1 1
197 159 -1 1
196 159 -1 1
195 159 -1 1
194 159 -1 1
193 159 -1 1
192 159 -1 1
191 159 -1 1
190 159 -1 1
189 159 -1 1
187 159 -1 1
180 159 -1 1
112 159 -1 0
111 159 -1 0
110 159 -1 0
109 159 -1 0
108 159 -1 0
107 159 -1 0
106 159 -1 0
105 159 -1 0
104 159 -1 0
103 159 -1 0
102 159 -1 0
101 159 -1 0
100 159 -1 0
99 159 -1 0
98 159 -1 0
97 159 -1 0
96 159 -1 0
95 159 -1 0
94 159 -1 0
237 158 -1 1
236 158 -1 1
235 158 -1 1
234 158 -1 1
233 158 -1 1
232 158 -1 1
231 158 -1 1
230 158 -1 1
229 158 -1 1
228 158 -1 1
227 158 -1 1
226 158 -1 1
225 158 -1 1
224 158 -1 1
223 158 -1 1
222 158 -1 1
221 158 -1 1
220 158 -1 1
219 158 -1 1
218 158 -1 1
217 158 -1 1
216 158 -1 1
215 158 -1 1
214 158 -1 1
213 158 -1 1
212 158 -1 1
211 158 -1 1
210 158 -1 1
209 158 -1 1
208 158 -1 1
207 158 -1 1
206 158 -1 1
205 158 -1 1
204 158 -1 1
203 158 -1 1
202 158 -1 1
201 158 -1 1
200 158 -1 1
199 158 -1 1
198 158 -1 1
197 158 -1 1
196 158 -1 1
195 158 -1 1
194 158 -1 1
193 158 -1 1
192 158 -1 1
191 158 -1 1
190 158 -1 1
189 158 -1 1
188 158 -1 1
187 158 -1 1
186 158 -1 1
185 158 -1 1
184 158 -1 1
183 158 -1 1
182 158 -1 1
181 158 -1 1
180 158 -1 1
179 158 -1 1
178 158 -1 1
177 158 -1 1
111 158 -1 0
110 158 -1 0
109 158 -1 0
108 158 -1 0
107 158 -1 0
106 158 -1 0
105 158 -1 0
104 158 -1 0
103 158 -1 0
102 158 -1 0
101 158 -1 0
100 158 -1 0
99 158 -1 0
98 158 -1 0
97 158 -1 0
96 158 -1 0
95 158 -1 0
94 158 -1 0
93 158 -1 0
92 158 -1 0
237 157 -1 1
236 157 -1 1
235 157 -1 1
234 157 -1 1
233 157 -1 1
232 157 -1 1
231 157 -1 1
230 157 -1 1
229 157 -1 1
228 157 -1 1
227 157 -1 1
226 157 -1 1
225 157 -1 1
224 157 -1 1
223 157 -1 1
222 157 -1 1
221 157 -1 1
220 157 -1 1
219 157 -1 1
218 157 -1 1
217 157 -1 1
216 157 -1 1
215 157 -1 1
214 157 -1 1
213 157 -1 1
212 157 -1 1
211 157 -1 1
210 157 -1 1
209 157 -1 1
208 157 -1 1
207 157 -1 1
206 157 -1 1
205 157 -1 1
204 157 -1 1
203 157 -1 1
202 157 -1 1
201 157 -1 1
200 157 -1 1
199 157 -1 1
198 157 -1 1
197 157 -1 1
196 157 -1 1
195 157 -1 1
194 157 -1 1
193 157 -1 1
192 157 -1 1
191 157 -1 1
190 157 -1 1
189 157 -1 1
188 157 -1 1
187 157 -1 1
186 157 -1 1
185 157 -1 1
184 157 -1 1
183 157 -1 1
182 157 -1 1
181 157 -1 1
180 157 -1 1
179 157 -1 1
178 157 -1 1
177 157 -1 1
176 157 -1 1
109 157 -1 0
108 157 -1 0
107 157 -1 0
106 157 -1 0
105 157 -1 0
104 157 -1 0
103 157 -1 0
102 157 -1 0
101 157 -1 0
100 157 -1 0
99 157 -1 0
98 157 -1 0
97 157 -1 0
96 157 -1 0
95 157 -1 0
94 157 -1 0
93 157 -1 0
92 157 -1 0
91 157 -1 0
237 156 -1 1
236 156 -1 1
235 156 -1 1
234 156 -1 1
233 156 -1 1
232 156 -1 1
231 156 -1 1
230 156 -1 1
229 156 -1 1
228 156 -1 1
227 156 -1 1
226 156 -1 1
225 156 -1 1
224 156 -1 1
223 156 -1 1
222 156 -1 1
221 156 -1 1
220 156 -1 1
219 156 -1 1
218 156 -1 1
217 156 -1 1
216 156 -1 1
215 156 -1 1
214 156 -1 1
213 156 -1 1
212 156 -1 1
211 156 -1 1
210 156 -1 1
209 156 -1 1
208 156 -1 1
207 156 -1 1
206 156 -1 1
205 156 -1 1
204 156 -1 1
203 156 -1 1
202 156 -1 1
201 156 -1 1
200 156 -1 1
199 156 -1 1
198 156 -1 1
197 156 -1 1
196 156 -1 1
195 156 -1 1
194 156 -1 1
193 156 -1 1
192 156 -1 1
191 156 -1 1
190 156 -1 1
189 156 -1 1
188 156 -1 1
187 156 -1 1
186 156 -1 1
185 156 -1 1
184 156 -1 1
183 156 -1 1
182 156 -1 1
181 156 -1 1
180 156 -1 1
179 156 -1 1
178 156 -1 1
177 156 -1 1
176 156 -1 1
108 156 -1 0
107 156 -1 0
106 156 -1 0
105 156 -1 0
104 156 -1 0
103 156 -1 0
102 156 -1 0
101 156 -1 0
100 156 -1 0
99 156 -1 0
98 156 -1 0
97 156 -1 0
96 156 -1 0
95 156 -1 0
94 156 -1 0
93 156 -1 0
92 156 -1 0
91 156 -1 0
90 156 -1 0
89 156 -1 0
236 155 -1 1
235 155 -1 1
234 155 -1 1
233 155 -1 1
232 155 -1 1
231 155 -1 1
230 155 -1 1
229 155 -1 1
228 155 -1 1
227 155 -1 1
226 155 -1 1
225 155 -1 1
224 155 -1 1
223 155 -1 1
222 155 -1 1
221 155 -1 1
220 155 -1 1
219 155 -1 1
218 155 -1 1
217 155 -1 1
216 155 -1 1
215 155 -1 1
214 155 -1 1
213 155 -1 1
212 155 -1 1
211 155 -1 1
210 155 -1 1
209 155 -1 1
208 155 -1 1
207 155 -1 1
206 155 -1 1
205 155 -1 1
204 155 -1 1
203 155 -1 1
202 155 -1 1
201 155 -1 1
200 155 -1 1
199 155 -1 1
198 155 -1 1
197 155 -1 1
196 155 -1 1
195 155 -1 1
194 155 -1 1
193 155 -1 1
192 155 -1 1
191 155 -1 1
190 155 -1 1
189 155 -1 1
188 155 -1 1
187 155 -1 1
186 155 -1 1
185 155 -1 1
184 155 -1 1
183 155 -1 1
182 155 -1 1
181 155 -1 1
180 155 -1 1
179 155 -1 1
178 155 -1 1
177 155 -1 1
176 155 -1 1
107 155 -1 0
106 155 -1 0
105 155 -1 0
104 155 -1 0
103 155 -1 0
102 155 -1 0
101 155 -1 0
100 155 -1 0
99 155 -1 0
98 155 -1 0
97 155 -1 0
96 155 -1 0
95 155 -1 0
94 155 -1 0
93 155 -1 0
92 155 -1 0
91 155 -1 0
90 155 -1 0
89 155 -1 0
88 155 -1 0
233 154 -1 1
232 154 -1 1
231 154 -1 1
229 154 -1 1
228 154 -1 1
227 154 -1 1
226 154 -1 1
225 154 -1 1
224 154 -1 1
223 154 -1 1
222 154 -1 1
221 154 -1 1
220 154 -1 1
219 154 -1 1
218 154 -1 1
217 154 -1 1
216 154 -1 1
215 154 -1 1
214 154 -1 1
213 154 -1 1
212 154 -1 1
211 154 -1 1
210 154 -1 1
209 154 -1 1
208 154 -1 1
207 154 -1 1
206 154 -1 1
205 154 -1 1
204 154 -1 1
203 154 -1 1
202 154 -1 1
201 154 -1 1
200 154 -1 1
199 154 -1 1
198 154 -1 1
197 154 -1 1
196 154 -1 1
195 154 -1 1
194 154 -1 1
193 154 -1 1
192 154 -1 1
191 154 -1 1
190 154 -1 1
189 154 -1 1
188 154 -1 1
187 154 -1 1
186 154 -1 1
185 154 -1 1
184 154 -1 1
183 154 -1 1
182 154 -1 1
181 154 -1 1
180 154 -1 1
179 154 -1 1
178 154 -1 1
177 154 -1 1
176 154 -1 1
175 154 -1 1
107 154 -1 0
106 154 -1 0
105 154 -1 0
104 154 -1 0
103 154 -1 0
102 154 -1 0
101 154 -1 0
100 154 -1 0
99 154 -1 0
98 154 -1 0
97 154 -1 0
96 154 -1 0
95 154 -1 0
94 154 -1 0
93 154 -1 0
92 154 -1 0
91 154 -1 0
90 154 -1 0
89 154 -1 0
88 154 -1 0
87 154 -1 0
215 153 -1 1
214 153 -1 1
213 153 -1 1
212 153 -1 1
211 153 -1 1
210 153 -1 1
209 153 -1 1
208 153 -1 1
207 153 -1 1
206 153 -1 1
205 153 -1 1
204 153 -1 1
203 153 -1 1
202 153 -1 1
201 153 -1 1
200 153 -1 1
199 153 -1 1
198 153 -1 1
197 153 -1 1
196 153 -1 1
195 153 -1 1
194 153 -1 1
193 153 -1 1
192 153 -1 1
191 153 -1 1
190 153 -1 1
189 153 -1 1
188 153 -1 1
187 153 -1 1
186 153 -1 1
185 153 -1 1
184 153 -1 1
183 153 -1 1
182 153 -1 1
181 153 -1 1
180 153 -1 1
179 153 -1 1
178 153 -1 1
177 153 -1 1
176 153 -1 1
175 153 -1 1
106 153 -1 0
105 153 -1 0
104 153 -1 0
103 153 -1 0
102 153 -1 0
101 153 -1 0
100 153 -1 0
99 153 -1 0
98 153 -1 0
97 153 -1 0
96 153 -1 0
95 153 -1 0
94 153 -1 0
93 153 -1 0
92 153 -1 0
91 153 -1 0
90 153 -1 0
89 153 -1 0
88 153 -1 0
87 153 -1 0
86 153 -1 0
210 152 -1 1
209 152 -1 1
208 152 -1 1
207 152 -1 1
206 152 -1 1
205 152 -1 1
204 152 -1 1
203 152 -1 1
202 152 -1 1
201 152 -1 1
200 152 -1 1
199 152 -1 1
198 152 -1 1
197 152 -1 1
196 152 -1 1
195 152 -1 1
194 152 -1 1
193 152 -1 1
192 152 -1 1
191 152 -1 1
190 152 -1 1
189 152 -1 1
188 152 -1 1
187 152 -1 1
186 152 -1 1
185 152 -1 1
184 152 -1 1
183 152 -1 1
182 152 -1 1
181 152 -1 1
180 152 -1 1
179 152 -1 1
178 152 -1 1
177 152 -1 1
176 152 -1 1
103 152 -1 0
102 152 -1 0
101 152 -1 0
100 152 -1 0
99 152 -1 0
98 152 -1 0
97 152 -1 0
96 152 -1 0
95 152 -1 0
94 152 -1 0
93 152 -1 0
92 152 -1 0
91 152 -1 0
90 152 -1 0
89 152 -1 0
88 152 -1 0
87 152 -1 0
86 152 -1 0
207 151 -1 1
206 151 -1 1
205 151 -1 1
204 151 -1 1
203 151 -1 1
202 151 -1 1
201 151 -1 1
200 151 -1 1
199 151 -1 1
198 151 -1 1
197 151 -1 1
196 151 -1 1
195 151 -1 1
194 151 -1 1
193 151 -1 1
192 151 -1 1
191 151 -1 1
190 151 -1 1
189 151 -1 1
188 151 -1 1
187 151 -1 1
186 151 -1 1
185 151 -1 1
184 151 -1 1
183 151 -1 1
182 151 -1 1
181 151 -1 1
180 151 -1 1
179 151 -1 1
178 151 -1 1
177 151 -1 1
176 151 -1 1
102 151 -1 0
101 151 -1 0
100 151 -1 0
99 151 -1 0
98 151 -1 0
97 151 -1 0
96 151 -1 0
95 151 -1 0
94 151 -1 0
93 151 -1 0
92 151 -1 0
91 151 -1 0
90 151 -1 0
89 151 -1 0
88 151 -1 0
87 151 -1 0
86 151 -1 0
85 151 -1 0
84 151 -1 0
205 150 -1 1
204 150 -1 1
203 150 -1 1
202 150 -1 1
201 150 -1 1
200 150 -1 1
199 150 -1 1
198 150 -1 1
197 150 -1 1
196 150 -1 1
195 150 -1 1
194 150 -1 1
193 150 -1 1
192 150 -1 1
191 150 -1 1
190 150 -1 1
189 150 -1 1
188 150 -1 1
187 150 -1 1
186 150 -1 1
185 150 -1 1
184 150 -1 1
183 150 -1 1
182 150 -1 1
181 150 -1 1
180 150 -1 1
179 150 -1 1
178 150 -1 1
177 150 -1 1
176 150 -1 1
99 150 -1 0
98 150 -1 0
97 150 -1 0
96 150 -1 0
95 150 -1 0
94 150 -1 0
93 150 -1 0
92 150 -1 0
91 150 -1 0
90 150 -1 0
89 150 -1 0
88 150 -1 0
87 150 -1 0
86 150 -1 0
85 150 -1 0
84 150 -1 0
83 150 -1 0
82 150 -1 0
202 149 -1 1
201 149 -1 1
200 149 -1 1
199 149 -1 1
198 149 -1 1
197 149 -1 1
196 149 -1 1
195 149 -1 1
194 149 -1 1
193 149 -1 1
192 149 -1 1
191 149 -1 1
190 149 -1 1
189 149 -1 1
188 149 -1 1
187 149 -1 1
186 149 -1 1
185 149 -1 1
184 149 -1 1
183 149 -1 1
182 149 -1 1
181 149 -1 1
180 149 -1 1
179 149 -1 1
178 149 -1 1
177 149 -1 1
98 149 -1 0
97 149 -1 0
96 149 -1 0
95 149 -1 0
94 149 -1 0
93 149 -1 0
92 149 -1 0
91 149 -1 0
90 149 -1 0
89 149 -1 0
88 149 -1 0
87 149 -1 0
86 149 -1 0
85 149 -1 0
84 149 -1 0
83 149 -1 0
82 149 -1 0
81 149 -1 0
80 149 -1 0
79 149 -1 0
187 148 -1 1
186 148 -1 1
185 148 -1 1
184 148 -1 1
183 148 -1 1
182 148 -1 1
181 148 -1 1
180 148 -1 1
95 148 -1 0
94 148 -1 0
93 148 -1 0
92 148 -1 0
91 148 -1 0
90 148 -1 0
89 148 -1 0
88 148 -1 0
87 148 -1 0
86 148 -1 0
85 148 -1 0
84 148 -1 0
83 148 -1 0
82 148 -1 0
81 148 -1 0
80 148 -1 0
79 148 -1 0
78 148 -1 0
95 147 -1 0
94 147 -1 0
93 147 -1 0
92 147 -1 0
91 147 -1 0
90 147 -1 0
89 147 -1 0
88 147 -1 0
87 147 -1 0
86 147 -1 0
85 147 -1 0
84 147 -1 0
83 147 -1 0
82 147 -1 0
81 147 -1 0
80 147 -1 0
79 147 -1 0
78 147 -1 0
77 147 -1 0
94 146 -1 0
93 146 -1 0
92 146 -1 0
91 146 -1 0
90 146 -1 0
89 146 -1 0
88 146 -1 0
87 146 -1 0
86 146 -1 0
85 146 -1 0
84 146 -1 0
83 146 -1 0
82 146 -1 0
81 146 -1 0
80 146 -1 0
79 146 -1 0
78 146 -1 0
77 146 -1 0
76 146 -1 0
93 145 -1 0
92 145 -1 0
91 145 -1 0
90 145 -1 0
89 145 -1 0
88 145 -1 0
87 145 -1 0
86 145 -1 0
85 145 -1 0
84 145 -1 0
83 145 -1 0
82 145 -1 0
81 145 -1 0
80 145 -1 0
79 145 -1 0
78 145 -1 0
77 145 -1 0
76 145 -1 0
75 145 -1 0
92 144 -1 0
91 144 -1 0
90 144 -1 0
89 144 -1 0
88 144 -1 0
87 144 -1 0
86 144 -1 0
85 144 -1 0
84 144 -1 0
83 144 -1 0
82 144 -1 0
81 144 -1 0
80 144 -1 0
79 144 -1 0
78 144 -1 0
77 144 -1 0
76 144 -1 0
75 144 -1 0
74 144 -1 0
73 144 -1 0
72 144 -1 0
91 143 -1 0
90 143 -1 0
89 143 -1 0
88 143 -1 0
87 143 -1 0
86 143 -1 0
85 143 -1 0
84 143 -1 0
83 143 -1 0
82 143 -1 0
81 143 -1 0
80 143 -1 0
79 143 -1 0
78 143 -1 0
77 143 -1 0
76 143 -1 0
75 143 -1 0
74 143 -1 0
73 143 -1 0
72 143 -1 0
71 143 -1 0
70 143 -1 0
69 143 -1 0
89 142 -1 0
88 142 -1 0
87 142 -1 0
86 142 -1 0
85 142 -1 0
84 142 -1 0
83 142 -1 0
82 142 -1 0
81 142 -1 0
80 142 -1 0
79 142 -1 0
78 142 -1 0
77 142 -1 0
76 142 -1 0
75 142 -1 0
74 142 -1 0
73 142 -1 0
72 142 -1 0
71 142 -1 0
70 142 -1 0
69 142 -1 0
68 142 -1 0
67 142 -1 0
86 141 -1 0
85 141 -1 0
84 141 -1 0
83 141 -1 0
82 141 -1 0
81 141 -1 0
80 141 -1 0
79 141 -1 0
78 141 -1 0
77 141 -1 0
76 141 -1 0
75 141 -1 0
74 141 -1 0
73 141 -1 0
72 141 -1 0
71 141 -1 0
70 141 -1 0
69 141 -1 0
68 141 -1 0
67 141 -1 0
66 141 -1 0
85 140 -1 0
84 140 -1 0
83 140 -1 0
82 140 -1 0
81 140 -1 0
80 140 -1 0
79 140 -1 0
78 140 -1 0
77 140 -1 0
76 140 -1 0
75 140 -1 0
74 140 -1 0
73 140 -1 0
72 140 -1 0
71 140 -1 0
70 140 -1 0
69 140 -1 0
68 140 -1 0
67 140 -1 0
66 140 -1 0
65 140 -1 0
64 140 -1 0
84 139 -1 0
83 139 -1 0
82 139 -1 0
81 139 -1 0
80 139 -1 0
79 139 -1 0
78 139 -1 0
77 139 -1 0
76 139 -1 0
75 139 -1 0
74 139 -1 0
73 139 -1 0
72 139 -1 0
71 139 -1 0
70 139 -1 0
69 139 -1 0
68 139 -1 0
67 139 -1 0
66 139 -1 0
65 139 -1 0
64 139 -1 0
63 139 -1 0
62 139 -1 0
61 139 -1 0
82 138 -1 0
81 138 -1 0
80 138 -1 0
79 138 -1 0
78 138 -1 0
77 138 -1 0
76 138 -1 0
75 138 -1 0
74 138 -1 0
73 138 -1 0
72 138 -1 0
71 138 -1 0
70 138 -1 0
69 138 -1 0
68 138 -1 0
67 138 -1 0
66 138 -1 0
65 138 -1 0
64 138 -1 0
63 138 -1 0
62 138 -1 0
61 138 -1 0
60 138 -1 0
59 138 -1 0
58 138 -1 0
82 137 -1 0
81 137 -1 0
80 137 -1 0
79 137 -1 0
78 137 -1 0
77 137 -1 0
76 137 -1 0
75 137 -1 0
74 137 -1 0
73 137 -1 0
72 137 -1 0
71 137 -1 0
70 137 -1 0
69 137 -1 0
68 137 -1 0
67 137 -1 0
66 137 -1 0
65 137 -1 0
64 137 -1 0
63 137 -1 0
62 137 -1 0
61 137 -1 0
60 137 -1 0
59 137 -1 0
58 137 -1 0
57 137 -1 0
81 136 -1 0
80 136 -1 0
79 136 -1 0
78 136 -1 0
77 136 -1 0
76 136 -1 0
75 136 -1 0
74 136 -1 0
73 136 -1 0
72 136 -1 0
71 136 -1 0
70 136 -1 0
69 136 -1 0
68 136 -1 0
67 136 -1 0
66 136 -1 0
65 136 -1 0
64 136 -1 0
63 136 -1 0
62 136 -1 0
61 136 -1 0
60 136 -1 0
59 136 -1 0
58 136 -1 0
57 136 -1 0
78 135 -1 0
77 135 -1 0
76 135 -1 0
75 135 -1 0
74 135 -1 0
73 135 -1 0
72 135 -1 0
71 135 -1 0
70 135 -1 0
69 135 -1 0
68 135 -1 0
67 135 -1 0
66 135 -1 0
65 135 -1 0
64 135 -1 0
63 135 -1 0
62 135 -1 0
61 135 -1 0
60 135 -1 0
59 135 -1 0
58 135 -1 0
57 135 -1 0
75 134 -1 0
74 134 -1 0
73 134 -1 0
72 134 -1 0
71 134 -1 0
70 134 -1 0
69 134 -1 0
68 134 -1 0
67 134 -1 0
66 134 -1 0
65 134 -1 0
64 134 -1 0
63 134 -1 0
62 134 -1 0
61 134 -1 0
60 134 -1 0
59 134 -1 0
58 134 -1 0
57 134 -1 0
56 134 -1 0
73 133 -1 0
72 133 -1 0
71 133 -1 0
70 133 -1 0
69 133 -1 0
68 133 -1 0
67 133 -1 0
66 133 -1 0
65 133 -1 0
64 133 -1 0
63 133 -1 0
62 133 -1 0
61 133 -1 0
60 133 -1 0
59 133 -1 0
58 133 -1 0
57 133 -1 0
72 132 -1 0
71 132 -1 0
70 132 -1 0
69 132 -1 0
68 132 -1 0
67 132 -1 0
66 132 -1 0
65 132 -1 0
64 132 -1 0
63 132 -1 0
62 132 -1 0
61 132 -1 0
60 132 -1 0
59 132 -1 0
58 132 -1 0
57 132 -1 0
69 131 -1 0
68 131 -1 0
67 131 -1 0
66 131 -1 0
65 131 -1 0
64 131 -1 0
63 131 -1 0
62 131 -1 0
61 131 -1 0
60 131 -1 0
59 131 -1 0
58 131 -1 0
57 131 -1 0
68 130 -1 0
67 130 -1 0
66 130 -1 0
65 130 -1 0
64 130 -1 0
63 130 -1 0
62 130 -1 0
61 130 -1 0
60 130 -1 0
59 130 -1 0
58 130 -1 0
65 129 -1 0
64 129 -1 0
63 129 -1 0
62 129 -1 0
61 129 -1 0
