2789 408 341
212 239 -1 1
215 238 -1 1
214 238 -1 1
213 238 -1 1
212 238 -1 1
211 238 -1 1
210 238 -1 1
209 238 -1 1
216 237 -1 1
215 237 -1 1
214 237 -1 1
213 237 -1 1
212 237 -1 1
211 237 -1 1
210 237 -1 1
209 237 -1 1
208 237 -1 1
207 237 -1 1
206 237 -1 1
217 236 -1 1
216 236 -1 1
215 236 -1 1
214 236 -1 1
213 236 -1 1
212 236 -1 1
211 236 -1 1
210 236 -1 1
209 236 -1 1
208 236 -1 1
207 236 -1 1
206 236 -1 1
205 236 -1 1
217 235 -1 1
216 235 -1 1
215 235 -1 1
214 235 -1 1
213 235 -1 1
212 235 -1 1
211 235 -1 1
210 235 -1 1
209 235 -1 1
208 235 -1 1
207 235 -1 1
206 235 -1 1
205 235 -1 1
204 235 -1 1
203 235 -1 1
202 235 -1 1
218 234 -1 1
217 234 -1 1
216 234 -1 1
215 234 -1 1
214 234 -1 1
213 234 -1 1
212 234 -1 1
211 234 -1 1
210 234 -1 1
209 234 -1 1
208 234 -1 1
207 234 -1 1
206 234 -1 1
205 234 -1 1
204 234 -1 1
203 234 -1 1
202 234 -1 1
201 234 -1 1
200 234 -1 1
199 234 -1 1
198 234 -1 1
218 233 -1 1
217 233 -1 1
216 233 -1 1
215 233 -1 1
214 233 -1 1
213 233 -1 1
212 233 -1 1
211 233 -1 1
210 233 -1 1
209 233 -1 1
208 233 -1 1
207 233 -1 1
206 233 -1 1
205 233 -1 1
204 233 -1 1
203 233 -1 1
202 233 -1 1
201 233 -1 1
200 233 -1 1
199 233 -1 1
198 233 -1 1
197 233 -1 1
196 233 -1 1
195 233 -1 1
218 232 -1 1
217 232 -1 1
216 232 -1 1
215 232 -1 1
214 232 -1 1
213 232 -1 1
212 232 -1 1
211 232 -1 1
210 232 -1 1
209 232 -1 1
208 232 -1 1
207 232 -1 1
206 232 -1 1
205 232 -1 1
204 232 -1 1
203 232 -1 1
202 232 -1 1
201 232 -1 1
200 232 -1 1
199 232 -1 1
198 232 -1 1
197 232 -1 1
196 232 -1 1
195 232 -1 1
194 232 -1 1
193 232 -1 1
192 232 -1 1
191 232 -1 1
190 232 -1 1
188 232 -1 1
187 232 -1 1
219 231 -1 1
218 231 -1 1
217 231 -1 1
216 231 -1 1
215 231 -1 1
214 231 -1 1
213 231 -1 1
212 231 -1 1
211 231 -1 1
210 231 -1 1
209 231 -1 1
208 231 -1 1
207 231 -1 1
206 231 -1 1
205 231 -1 1
204 231 -1 1
203 231 -1 1
202 231 -1 1
201 231 -1 1
200 231 -1 1
199 231 -1 1
198 231 -1 1
197 231 -1 1
196 231 -1 1
195 231 -1 1
194 231 -1 1
193 231 -1 1
192 231 -1 1
191 231 -1 1
190 231 -1 1
189 231 -1 1
188 231 -1 1
187 231 -1 1
186 231 -1 1
185 231 -1 1
184 231 -1 1
219 230 -1 1
218 230 -1 1
217 230 -1 1
216 230 -1 1
215 230 -1 1
214 230 -1 1
213 230 -1 1
212 230 -1 1
211 230 -1 1
210 230 -1 1
209 230 -1 1
208 230 -1 1
207 230 -1 1
206 230 -1 1
205 230 -1 1
204 230 -1 1
203 230 -1 1
202 230 -1 1
201 230 -1 1
200 230 -1 1
199 230 -1 1
198 230 -1 1
197 230 -1 1
196 230 -1 1
195 230 -1 1
194 230 -1 1
193 230 -1 1
192 230 -1 1
191 230 -1 1
190 230 -1 1
189 230 -1 1
188 230 -1 1
187 230 -1 1
186 230 -1 1
185 230 -1 1
184 230 -1 1
183 230 -1 1
219 229 -1 1
218 229 -1 1
217 229 -1 1
216 229 -1 1
215 229 -1 1
214 229 -1 1
213 229 -1 1
212 229 -1 1
211 229 -1 1
210 229 -1 1
209 229 -1 1
208 229 -1 1
207 229 -1 1
206 229 -1 1
205 229 -1 1
204 229 -1 1
203 229 -1 1
202 229 -1 1
201 229 -1 1
200 229 -1 1
199 229 -1 1
198 229 -1 1
197 229 -1 1
196 229 -1 1
195 229 -1 1
194 229 -1 1
193 229 -1 1
192 229 -1 1
191 229 -1 1
190 229 -1 1
189 229 -1 1
188 229 -1 1
187 229 -1 1
186 229 -1 1
185 229 -1 1
184 229 -1 1
183 229 -1 1
182 229 -1 1
181 229 -1 1
219 228 -1 1
218 228 -1 1
217 228 -1 1
216 228 -1 1
215 228 -1 1
214 228 -1 1
213 228 -1 1
212 228 -1 1
211 228 -1 1
210 228 -1 1
209 228 -1 1
208 228 -1 1
207 228 -1 1
206 228 -1 1
205 228 -1 1
204 228 -1 1
203 228 -1 1
202 228 -1 1
201 228 -1 1
200 228 -1 1
199 228 -1 1
198 228 -1 1
197 228 -1 1
196 228 -1 1
195 228 -1 1
194 228 -1 1
193 228 -1 1
192 228 -1 1
191 228 -1 1
190 228 -1 1
189 228 -1 1
188 228 -1 1
187 228 -1 1
186 228 -1 1
185 228 -1 1
184 228 -1 1
183 228 -1 1
182 228 -1 1
181 228 -1 1
180 228 -1 1
179 228 -1 1
178 228 -1 1
219 227 -1 1
218 227 -1 1
217 227 -1 1
216 227 -1 1
215 227 -1 1
214 227 -1 1
213 227 -1 1
212 227 -1 1
211 227 -1 1
210 227 -1 1
209 227 -1 1
208 227 -1 1
207 227 -1 1
206 227 -1 1
205 227 -1 1
204 227 -1 1
203 227 -1 1
202 227 -1 1
201 227 -1 1
200 227 -1 1
199 227 -1 1
198 227 -1 1
197 227 -1 1
196 227 -1 1
195 227 -1 1
194 227 -1 1
193 227 -1 1
192 227 -1 1
191 227 -1 1
190 227 -1 1
189 227 -1 1
188 227 -1 1
187 227 -1 1
186 227 -1 1
185 227 -1 1
184 227 -1 1
183 227 -1 1
182 227 -1 1
181 227 -1 1
180 227 -1 1
179 227 -1 1
178 227 -1 1
177 227 -1 1
218 226 -1 1
217 226 -1 1
216 226 -1 1
215 226 -1 1
214 226 -1 1
213 226 -1 1
212 226 -1 1
211 226 -1 1
210 226 -1 1
209 226 -1 1
208 226 -1 1
207 226 -1 1
206 226 -1 1
205 226 -1 1
204 226 -1 1
203 226 -1 1
202 226 -1 1
201 226 -1 1
200 226 -1 1
199 226 -1 1
198 226 -1 1
197 226 -1 1
196 226 -1 1
195 226 -1 1
194 226 -1 1
193 226 -1 1
192 226 -1 1
191 226 -1 1
190 226 -1 1
189 226 -1 1
188 226 -1 1
187 226 -1 1
186 226 -1 1
185 226 -1 1
184 226 -1 1
183 226 -1 1
182 226 -1 1
181 226 -1 1
180 226 -1 1
179 226 -1 1
178 226 -1 1
177 226 -1 1
218 225 -1 1
217 225 -1 1
216 225 -1 1
215 225 -1 1
214 225 -1 1
213 225 -1 1
212 225 -1 1
211 225 -1 1
210 225 -1 1
209 225 -1 1
208 225 -1 1
207 225 -1 1
206 225 -1 1
205 225 -1 1
204 225 -1 1
203 225 -1 1
202 225 -1 1
201 225 -1 1
200 225 -1 1
199 225 -1 1
198 225 -1 1
197 225 -1 1
196 225 -1 1
195 225 -1 1
194 225 -1 1
193 225 -1 1
192 225 -1 1
191 225 -1 1
190 225 -1 1
189 225 -1 1
188 225 -1 1
187 225 -1 1
186 225 -1 1
185 225 -1 1
184 225 -1 1
183 225 -1 1
182 225 -1 1
181 225 -1 1
180 225 -1 1
179 225 -1 1
178 225 -1 1
177 225 -1 1
218 224 -1 1
217 224 -1 1
216 224 -1 1
215 224 -1 1
214 224 -1 1
213 224 -1 1
212 224 -1 1
211 224 -1 1
210 224 -1 1
209 224 -1 1
208 224 -1 1
207 224 -1 1
206 224 -1 1
205 224 -1 1
204 224 -1 1
203 224 -1 1
202 224 -1 1
201 224 -1 1
200 224 -1 1
199 224 -1 1
198 224 -1 1
197 224 -1 1
196 224 -1 1
195 224 -1 1
194 224 -1 1
193 224 -1 1
192 224 -1 1
191 224 -1 1
190 224 -1 1
189 224 -1 1
188 224 -1 1
187 224 -1 1
186 224 -1 1
185 224 -1 1
184 224 -1 1
183 224 -1 1
182 224 -1 1
181 224 -1 1
180 224 -1 1
179 224 -1 1
178 224 -1 1
177 224 -1 1
176 224 -1 1
218 223 -1 1
217 223 -1 1
216 223 -1 1
215 223 -1 1
214 223 -1 1
213 223 -1 1
212 223 -1 1
211 223 -1 1
210 223 -1 1
209 223 -1 1
208 223 -1 1
207 223 -1 1
206 223 -1 1
205 223 -1 1
204 223 -1 1
203 223 -1 1
202 223 -1 1
199 223 -1 1
198 223 -1 1
197 223 -1 1
196 223 -1 1
195 223 -1 1
194 223 -1 1
193 223 -1 1
192 223 -1 1
191 223 -1 1
190 223 -1 1
189 223 -1 1
188 223 -1 1
187 223 -1 1
186 223 -1 1
185 223 -1 1
184 223 -1 1
183 223 -1 1
182 223 -1 1
181 223 -1 1
180 223 -1 1
179 223 -1 1
178 223 -1 1
177 223 -1 1
217 222 -1 1
216 222 -1 1
215 222 -1 1
214 222 -1 1
213 222 -1 1
212 222 -1 1
211 222 -1 1
210 222 -1 1
209 222 -1 1
208 222 -1 1
207 222 -1 1
206 222 -1 1
205 222 -1 1
204 222 -1 1
203 222 -1 1
202 222 -1 1
201 222 -1 1
196 222 -1 1
195 222 -1 1
194 222 -1 1
193 222 -1 1
192 222 -1 1
191 222 -1 1
190 222 -1 1
189 222 -1 1
188 222 -1 1
187 222 -1 1
186 222 -1 1
185 222 -1 1
184 222 -1 1
183 222 -1 1
182 222 -1 1
181 222 -1 1
180 222 -1 1
179 222 -1 1
178 222 -1 1
177 222 -1 1
217 221 -1 1
216 221 -1 1
215 221 -1 1
214 221 -1 1
213 221 -1 1
212 221 -1 1
211 221 -1 1
210 221 -1 1
209 221 -1 1
208 221 -1 1
207 221 -1 1
206 221 -1 1
205 221 -1 1
204 221 -1 1
203 221 -1 1
202 221 -1 1
201 221 -1 1
200 221 -1 1
190 221 -1 1
189 221 -1 1
188 221 -1 1
187 221 -1 1
186 221 -1 1
185 221 -1 1
184 221 -1 1
183 221 -1 1
182 221 -1 1
181 221 -1 1
180 221 -1 1
179 221 -1 1
178 221 -1 1
177 221 -1 1
217 220 -1 1
216 220 -1 1
215 220 -1 1
214 220 -1 1
213 220 -1 1
212 220 -1 1
211 220 -1 1
210 220 -1 1
209 220 -1 1
208 220 -1 1
207 220 -1 1
206 220 -1 1
205 220 -1 1
204 220 -1 1
203 220 -1 1
202 220 -1 1
201 220 -1 1
200 220 -1 1
188 220 -1 1
187 220 -1 1
186 220 -1 1
185 220 -1 1
184 220 -1 1
183 220 -1 1
182 220 -1 1
181 220 -1 1
180 220 -1 1
179 220 -1 1
178 220 -1 1
216 219 -1 1
215 219 -1 1
214 219 -1 1
213 219 -1 1
212 219 -1 1
211 219 -1 1
210 219 -1 1
209 219 -1 1
208 219 -1 1
207 219 -1 1
206 219 -1 1
205 219 -1 1
204 219 -1 1
203 219 -1 1
202 219 -1 1
201 219 -1 1
200 219 -1 1
199 219 -1 1
185 219 -1 1
184 219 -1 1
183 219 -1 1
182 219 -1 1
181 219 -1 1
216 218 -1 1
215 218 -1 1
214 218 -1 1
213 218 -1 1
212 218 -1 1
211 218 -1 1
210 218 -1 1
209 218 -1 1
208 218 -1 1
207 218 -1 1
206 218 -1 1
205 218 -1 1
204 218 -1 1
203 218 -1 1
202 218 -1 1
201 218 -1 1
200 218 -1 1
199 218 -1 1
198 218 -1 1
197 218 -1 1
215 217 -1 1
214 217 -1 1
213 217 -1 1
212 217 -1 1
211 217 -1 1
210 217 -1 1
209 217 -1 1
208 217 -1 1
207 217 -1 1
206 217 -1 1
205 217 -1 1
204 217 -1 1
203 217 -1 1
202 217 -1 1
201 217 -1 1
200 217 -1 1
199 217 -1 1
198 217 -1 1
197 217 -1 1
196 217 -1 1
195 217 -1 1
194 217 -1 1
193 217 -1 1
192 217 -1 1
191 217 -1 1
214 216 -1 1
213 216 -1 1
212 216 -1 1
211 216 -1 1
210 216 -1 1
209 216 -1 1
208 216 -1 1
207 216 -1 1
206 216 -1 1
205 216 -1 1
204 216 -1 1
203 216 -1 1
202 216 -1 1
201 216 -1 1
200 216 -1 1
199 216 -1 1
198 216 -1 1
197 216 -1 1
196 216 -1 1
195 216 -1 1
194 216 -1 1
193 216 -1 1
192 216 -1 1
191 216 -1 1
190 216 -1 1
189 216 -1 1
188 216 -1 1
211 215 -1 1
210 215 -1 1
209 215 -1 1
208 215 -1 1
207 215 -1 1
206 215 -1 1
205 215 -1 1
204 215 -1 1
203 215 -1 1
202 215 -1 1
201 215 -1 1
200 215 -1 1
199 215 -1 1
198 215 -1 1
197 215 -1 1
196 215 -1 1
195 215 -1 1
194 215 -1 1
193 215 -1 1
192 215 -1 1
191 215 -1 1
190 215 -1 1
189 215 -1 1
188 215 -1 1
187 215 -1 1
208 214 -1 1
207 214 -1 1
206 214 -1 1
205 214 -1 1
204 214 -1 1
203 214 -1 1
202 214 -1 1
201 214 -1 1
200 214 -1 1
199 214 -1 1
198 214 -1 1
197 214 -1 1
196 214 -1 1
195 214 -1 1
194 214 -1 1
193 214 -1 1
192 214 -1 1
191 214 -1 1
190 214 -1 1
189 214 -1 1
188 214 -1 1
187 214 -1 1
186 214 -1 1
185 214 -1 1
184 214 -1 1
183 214 -1 1
330 213 -1 0
329 213 -1 0
328 213 -1 0
327 213 -1 0
207 213 -1 1
206 213 -1 1
205 213 -1 1
204 213 -1 1
203 213 -1 1
202 213 -1 1
201 213 -1 1
200 213 -1 1
199 213 -1 1
198 213 -1 1
197 213 -1 1
196 213 -1 1
195 213 -1 1
194 213 -1 1
193 213 -1 1
192 213 -1 1
191 213 -1 1
190 213 -1 1
189 213 -1 1
188 213 -1 1
187 213 -1 1
186 213 -1 1
185 213 -1 1
184 213 -1 1
183 213 -1 1
182 213 -1 1
181 213 -1 1
180 213 -1 1
179 213 -1 1
333 212 -1 0
332 212 -1 0
331 212 -1 0
330 212 -1 0
329 212 -1 0
328 212 -1 0
327 212 -1 0
326 212 -1 0
325 212 -1 0
324 212 -1 0
207 212 -1 1
206 212 -1 1
205 212 -1 1
204 212 -1 1
203 212 -1 1
202 212 -1 1
201 212 -1 1
200 212 -1 1
199 212 -1 1
198 212 -1 1
197 212 -1 1
196 212 -1 1
195 212 -1 1
194 212 -1 1
193 212 -1 1
192 212 -1 1
191 212 -1 1
190 212 -1 1
189 212 -1 1
188 212 -1 1
187 212 -1 1
186 212 -1 1
185 212 -1 1
184 212 -1 1
183 212 -1 1
182 212 -1 1
181 212 -1 1
180 212 -1 1
179 212 -1 1
178 212 -1 1
177 212 -1 1
176 212 -1 1
334 211 -1 0
333 211 -1 0
332 211 -1 0
331 211 -1 0
330 211 -1 0
329 211 -1 0
328 211 -1 0
327 211 -1 0
326 211 -1 0
325 211 -1 0
324 211 -1 0
323 211 -1 0
207 211 -1 1
206 211 -1 1
205 211 -1 1
204 211 -1 1
203 211 -1 1
202 211 -1 1
201 211 -1 1
200 211 -1 1
199 211 -1 1
198 211 -1 1
197 211 -1 1
196 211 -1 1
195 211 -1 1
194 211 -1 1
193 211 -1 1
192 211 -1 1
191 211 -1 1
190 211 -1 1
189 211 -1 1
188 211 -1 1
187 211 -1 1
186 211 -1 1
185 211 -1 1
184 211 -1 1
183 211 -1 1
182 211 -1 1
181 211 -1 1
180 211 -1 1
179 211 -1 1
178 211 -1 1
177 211 -1 1
176 211 -1 1
175 211 -1 1
174 211 -1 1
173 211 -1 1
168 211 -1 1
334 210 -1 0
333 210 -1 0
332 210 -1 0
331 210 -1 0
330 210 -1 0
329 210 -1 0
328 210 -1 0
327 210 -1 0
326 210 -1 0
325 210 -1 0
324 210 -1 0
323 210 -1 0
206 210 -1 1
205 210 -1 1
204 210 -1 1
203 210 -1 1
202 210 -1 1
201 210 -1 1
200 210 -1 1
199 210 -1 1
198 210 -1 1
197 210 -1 1
196 210 -1 1
195 210 -1 1
194 210 -1 1
193 210 -1 1
192 210 -1 1
191 210 -1 1
190 210 -1 1
189 210 -1 1
188 210 -1 1
187 210 -1 1
186 210 -1 1
185 210 -1 1
184 210 -1 1
183 210 -1 1
182 210 -1 1
181 210 -1 1
180 210 -1 1
179 210 -1 1
178 210 -1 1
177 210 -1 1
176 210 -1 1
175 210 -1 1
174 210 -1 1
173 210 -1 1
172 210 -1 1
171 210 -1 1
170 210 -1 1
169 210 -1 1
168 210 -1 1
167 210 -1 1
166 210 -1 1
165 210 -1 1
334 209 -1 0
333 209 -1 0
332 209 -1 0
331 209 -1 0
330 209 -1 0
329 209 -1 0
328 209 -1 0
327 209 -1 0
326 209 -1 0
325 209 -1 0
324 209 -1 0
323 209 -1 0
203 209 -1 1
202 209 -1 1
201 209 -1 1
200 209 -1 1
199 209 -1 1
198 209 -1 1
197 209 -1 1
196 209 -1 1
195 209 -1 1
194 209 -1 1
193 209 -1 1
192 209 -1 1
191 209 -1 1
190 209 -1 1
189 209 -1 1
188 209 -1 1
187 209 -1 1
186 209 -1 1
185 209 -1 1
184 209 -1 1
183 209 -1 1
182 209 -1 1
181 209 -1 1
180 209 -1 1
179 209 -1 1
178 209 -1 1
177 209 -1 1
176 209 -1 1
175 209 -1 1
174 209 -1 1
173 209 -1 1
172 209 -1 1
171 209 -1 1
170 209 -1 1
169 209 -1 1
168 209 -1 1
167 209 -1 1
166 209 -1 1
165 209 -1 1
164 209 -1 1
335 208 -1 0
334 208 -1 0
333 208 -1 0
332 208 -1 0
331 208 -1 0
330 208 -1 0
329 208 -1 0
328 208 -1 0
327 208 -1 0
326 208 -1 0
325 208 -1 0
324 208 -1 0
323 208 -1 0
322 208 -1 0
200 208 -1 1
199 208 -1 1
198 208 -1 1
197 208 -1 1
196 208 -1 1
195 208 -1 1
194 208 -1 1
193 208 -1 1
192 208 -1 1
191 208 -1 1
190 208 -1 1
189 208 -1 1
188 208 -1 1
187 208 -1 1
186 208 -1 1
185 208 -1 1
184 208 -1 1
183 208 -1 1
182 208 -1 1
181 208 -1 1
180 208 -1 1
179 208 -1 1
178 208 -1 1
177 208 -1 1
176 208 -1 1
175 208 -1 1
174 208 -1 1
173 208 -1 1
172 208 -1 1
171 208 -1 1
170 208 -1 1
169 208 -1 1
168 208 -1 1
167 208 -1 1
166 208 -1 1
165 208 -1 1
164 208 -1 1
334 207 -1 0
333 207 -1 0
332 207 -1 0
331 207 -1 0
330 207 -1 0
329 207 -1 0
328 207 -1 0
327 207 -1 0
326 207 -1 0
325 207 -1 0
324 207 -1 0
323 207 -1 0
197 207 -1 1
195 207 -1 1
194 207 -1 1
193 207 -1 1
192 207 -1 1
191 207 -1 1
190 207 -1 1
189 207 -1 1
188 207 -1 1
187 207 -1 1
186 207 -1 1
185 207 -1 1
184 207 -1 1
183 207 -1 1
182 207 -1 1
181 207 -1 1
180 207 -1 1
179 207 -1 1
178 207 -1 1
177 207 -1 1
176 207 -1 1
175 207 -1 1
174 207 -1 1
173 207 -1 1
172 207 -1 1
171 207 -1 1
170 207 -1 1
169 207 -1 1
168 207 -1 1
167 207 -1 1
166 207 -1 1
165 207 -1 1
164 207 -1 1
334 206 -1 0
333 206 -1 0
332 206 -1 0
331 206 -1 0
330 206 -1 0
329 206 -1 0
328 206 -1 0
327 206 -1 0
326 206 -1 0
325 206 -1 0
324 206 -1 0
323 206 -1 0
192 206 -1 1
191 206 -1 1
190 206 -1 1
189 206 -1 1
188 206 -1 1
187 206 -1 1
186 206 -1 1
185 206 -1 1
184 206 -1 1
183 206 -1 1
182 206 -1 1
181 206 -1 1
180 206 -1 1
179 206 -1 1
178 206 -1 1
177 206 -1 1
176 206 -1 1
175 206 -1 1
174 206 -1 1
173 206 -1 1
172 206 -1 1
171 206 -1 1
170 206 -1 1
169 206 -1 1
168 206 -1 1
167 206 -1 1
166 206 -1 1
165 206 -1 1
164 206 -1 1
163 206 -1 1
334 205 -1 0
333 205 -1 0
332 205 -1 0
331 205 -1 0
330 205 -1 0
329 205 -1 0
328 205 -1 0
327 205 -1 0
326 205 -1 0
325 205 -1 0
324 205 -1 0
323 205 -1 0
189 205 -1 1
188 205 -1 1
187 205 -1 1
186 205 -1 1
185 205 -1 1
184 205 -1 1
183 205 -1 1
182 205 -1 1
181 205 -1 1
180 205 -1 1
179 205 -1 1
178 205 -1 1
177 205 -1 1
176 205 -1 1
175 205 -1 1
174 205 -1 1
173 205 -1 1
172 205 -1 1
171 205 -1 1
170 205 -1 1
169 205 -1 1
168 205 -1 1
167 205 -1 1
166 205 -1 1
165 205 -1 1
164 205 -1 1
163 205 -1 1
333 204 -1 0
332 204 -1 0
331 204 -1 0
330 204 -1 0
329 204 -1 0
328 204 -1 0
327 204 -1 0
326 204 -1 0
325 204 -1 0
324 204 -1 0
323 204 -1 0
186 204 -1 1
185 204 -1 1
184 204 -1 1
183 204 -1 1
182 204 -1 1
181 204 -1 1
180 204 -1 1
179 204 -1 1
178 204 -1 1
177 204 -1 1
176 204 -1 1
175 204 -1 1
174 204 -1 1
173 204 -1 1
172 204 -1 1
171 204 -1 1
170 204 -1 1
169 204 -1 1
168 204 -1 1
167 204 -1 1
166 204 -1 1
165 204 -1 1
164 204 -1 1
333 203 -1 0
332 203 -1 0
331 203 -1 0
330 203 -1 0
329 203 -1 0
328 203 -1 0
327 203 -1 0
326 203 -1 0
325 203 -1 0
324 203 -1 0
323 203 -1 0
183 203 -1 1
182 203 -1 1
181 203 -1 1
180 203 -1 1
179 203 -1 1
178 203 -1 1
177 203 -1 1
176 203 -1 1
175 203 -1 1
174 203 -1 1
173 203 -1 1
172 203 -1 1
171 203 -1 1
170 203 -1 1
169 203 -1 1
168 203 -1 1
167 203 -1 1
166 203 -1 1
165 203 -1 1
164 203 -1 1
333 202 -1 0
332 202 -1 0
331 202 -1 0
330 202 -1 0
329 202 -1 0
328 202 -1 0
327 202 -1 0
326 202 -1 0
325 202 -1 0
324 202 -1 0
323 202 -1 0
178 202 -1 1
177 202 -1 1
176 202 -1 1
175 202 -1 1
174 202 -1 1
173 202 -1 1
172 202 -1 1
171 202 -1 1
170 202 -1 1
169 202 -1 1
168 202 -1 1
167 202 -1 1
166 202 -1 1
165 202 -1 1
164 202 -1 1
333 201 -1 0
332 201 -1 0
331 201 -1 0
330 201 -1 0
329 201 -1 0
328 201 -1 0
327 201 -1 0
326 201 -1 0
325 201 -1 0
324 201 -1 0
323 201 -1 0
322 201 -1 0
177 201 -1 1
176 201 -1 1
175 201 -1 1
174 201 -1 1
173 201 -1 1
172 201 -1 1
171 201 -1 1
170 201 -1 1
169 201 -1 1
168 201 -1 1
167 201 -1 1
166 201 -1 1
165 201 -1 1
332 200 -1 0
331 200 -1 0
330 200 -1 0
329 200 -1 0
328 200 -1 0
327 200 -1 0
326 200 -1 0
325 200 -1 0
324 200 -1 0
323 200 -1 0
322 200 -1 0
174 200 -1 1
173 200 -1 1
172 200 -1 1
171 200 -1 1
170 200 -1 1
169 200 -1 1
168 200 -1 1
332 199 -1 0
331 199 -1 0
330 199 -1 0
329 199 -1 0
328 199 -1 0
327 199 -1 0
326 199 -1 0
325 199 -1 0
324 199 -1 0
323 199 -1 0
322 199 -1 0
332 198 -1 0
331 198 -1 0
330 198 -1 0
329 198 -1 0
328 198 -1 0
327 198 -1 0
326 198 -1 0
325 198 -1 0
324 198 -1 0
323 198 -1 0
322 198 -1 0
321 198 -1 0
331 197 -1 0
330 197 -1 0
329 197 -1 0
328 197 -1 0
327 197 -1 0
326 197 -1 0
325 197 -1 0
324 197 -1 0
323 197 -1 0
322 197 -1 0
321 197 -1 0
331 196 -1 0
330 196 -1 0
329 196 -1 0
328 196 -1 0
327 196 -1 0
326 196 -1 0
325 196 -1 0
324 196 -1 0
323 196 -1 0
322 196 -1 0
321 196 -1 0
331 195 -1 0
330 195 -1 0
329 195 -1 0
328 195 -1 0
327 195 -1 0
326 195 -1 0
325 195 -1 0
324 195 -1 0
323 195 -1 0
322 195 -1 0
321 195 -1 0
331 194 -1 0
330 194 -1 0
329 194 -1 0
328 194 -1 0
327 194 -1 0
326 194 -1 0
325 194 -1 0
324 194 -1 0
323 194 -1 0
322 194 -1 0
321 194 -1 0
330 193 -1 0
329 193 -1 0
328 193 -1 0
327 193 -1 0
326 193 -1 0
325 193 -1 0
324 193 -1 0
323 193 -1 0
322 193 -1 0
321 193 -1 0
320 193 -1 0
330 192 -1 0
329 192 -1 0
328 192 -1 0
327 192 -1 0
326 192 -1 0
325 192 -1 0
324 192 -1 0
323 192 -1 0
322 192 -1 0
321 192 -1 0
320 192 -1 0
330 191 -1 0
329 191 -1 0
328 191 -1 0
327 191 -1 0
326 191 -1 0
325 191 -1 0
324 191 -1 0
323 191 -1 0
322 191 -1 0
321 191 -1 0
320 191 -1 0
319 191 -1 0
330 190 -1 0
329 190 -1 0
328 190 -1 0
327 190 -1 0
326 190 -1 0
325 190 -1 0
324 190 -1 0
323 190 -1 0
322 190 -1 0
321 190 -1 0
320 190 -1 0
319 190 -1 0
318 190 -1 0
329 189 -1 0
328 189 -1 0
327 189 -1 0
326 189 -1 0
325 189 -1 0
324 189 -1 0
323 189 -1 0
322 189 -1 0
321 189 -1 0
320 189 -1 0
319 189 -1 0
318 189 -1 0
317 189 -1 0
316 189 -1 0
329 188 -1 0
328 188 -1 0
327 188 -1 0
326 188 -1 0
325 188 -1 0
324 188 -1 0
323 188 -1 0
322 188 -1 0
321 188 -1 0
320 188 -1 0
319 188 -1 0
318 188 -1 0
317 188 -1 0
316 188 -1 0
315 188 -1 0
329 187 -1 0
328 187 -1 0
327 187 -1 0
326 187 -1 0
325 187 -1 0
324 187 -1 0
323 187 -1 0
322 187 -1 0
321 187 -1 0
320 187 -1 0
319 187 -1 0
318 187 -1 0
317 187 -1 0
316 187 -1 0
315 187 -1 0
314 187 -1 0
328 186 -1 0
327 186 -1 0
326 186 -1 0
325 186 -1 0
324 186 -1 0
323 186 -1 0
322 186 -1 0
321 186 -1 0
320 186 -1 0
319 186 -1 0
318 186 -1 0
317 186 -1 0
316 186 -1 0
315 186 -1 0
314 186 -1 0
327 185 -1 0
326 185 -1 0
325 185 -1 0
324 185 -1 0
323 185 -1 0
322 185 -1 0
321 185 -1 0
320 185 -1 0
319 185 -1 0
318 185 -1 0
317 185 -1 0
316 185 -1 0
315 185 -1 0
314 185 -1 0
326 184 -1 0
325 184 -1 0
324 184 -1 0
323 184 -1 0
322 184 -1 0
321 184 -1 0
320 184 -1 0
319 184 -1 0
318 184 -1 0
317 184 -1 0
316 184 -1 0
315 184 -1 0
314 184 -1 0
313 184 -1 0
325 183 -1 0
324 183 -1 0
323 183 -1 0
322 183 -1 0
321 183 -1 0
320 183 -1 0
319 183 -1 0
318 183 -1 0
317 183 -1 0
316 183 -1 0
315 183 -1 0
314 183 -1 0
313 183 -1 0
324 182 -1 0
323 182 -1 0
322 182 -1 0
321 182 -1 0
320 182 -1 0
319 182 -1 0
318 182 -1 0
317 182 -1 0
316 182 -1 0
315 182 -1 0
314 182 -1 0
313 182 -1 0
312 182 -1 0
311 182 -1 0
310 182 -1 0
323 181 -1 0
322 181 -1 0
321 181 -1 0
320 181 -1 0
319 181 -1 0
318 181 -1 0
317 181 -1 0
316 181 -1 0
315 181 -1 0
314 181 -1 0
313 181 -1 0
312 181 -1 0
311 181 -1 0
310 181 -1 0
309 181 -1 0
323 180 -1 0
322 180 -1 0
321 180 -1 0
320 180 -1 0
319 180 -1 0
318 180 -1 0
317 180 -1 0
316 180 -1 0
315 180 -1 0
314 180 -1 0
313 180 -1 0
312 180 -1 0
311 180 -1 0
310 180 -1 0
309 180 -1 0
322 179 -1 0
321 179 -1 0
320 179 -1 0
319 179 -1 0
318 179 -1 0
317 179 -1 0
316 179 -1 0
315 179 -1 0
314 179 -1 0
313 179 -1 0
312 179 -1 0
311 179 -1 0
310 179 -1 0
309 179 -1 0
322 178 -1 0
321 178 -1 0
320 178 -1 0
319 178 -1 0
318 178 -1 0
317 178 -1 0
316 178 -1 0
315 178 -1 0
314 178 -1 0
313 178 -1 0
312 178 -1 0
311 178 -1 0
310 178 -1 0
309 178 -1 0
308 178 -1 0
322 177 -1 0
321 177 -1 0
320 177 -1 0
319 177 -1 0
318 177 -1 0
317 177 -1 0
316 177 -1 0
315 177 -1 0
314 177 -1 0
313 177 -1 0
312 177 -1 0
311 177 -1 0
310 177 -1 0
309 177 -1 0
308 177 -1 0
321 176 -1 0
320 176 -1 0
319 176 -1 0
318 176 -1 0
317 176 -1 0
316 176 -1 0
315 176 -1 0
314 176 -1 0
313 176 -1 0
312 176 -1 0
311 176 -1 0
310 176 -1 0
309 176 -1 0
308 176 -1 0
307 176 -1 0
306 176 -1 0
320 175 -1 0
319 175 -1 0
318 175 -1 0
317 175 -1 0
316 175 -1 0
315 175 -1 0
314 175 -1 0
313 175 -1 0
312 175 -1 0
311 175 -1 0
310 175 -1 0
309 175 -1 0
308 175 -1 0
307 175 -1 0
306 175 -1 0
305 175 -1 0
318 174 -1 0
317 174 -1 0
316 174 -1 0
315 174 -1 0
314 174 -1 0
313 174 -1 0
312 174 -1 0
311 174 -1 0
310 174 -1 0
309 174 -1 0
308 174 -1 0
307 174 -1 0
306 174 -1 0
305 174 -1 0
304 174 -1 0
318 173 -1 0
317 173 -1 0
316 173 -1 0
315 173 -1 0
314 173 -1 0
313 173 -1 0
312 173 -1 0
311 173 -1 0
310 173 -1 0
309 173 -1 0
308 173 -1 0
307 173 -1 0
306 173 -1 0
305 173 -1 0
304 173 -1 0
317 172 -1 0
316 172 -1 0
315 172 -1 0
314 172 -1 0
313 172 -1 0
312 172 -1 0
311 172 -1 0
310 172 -1 0
309 172 -1 0
308 172 -1 0
307 172 -1 0
306 172 -1 0
305 172 -1 0
304 172 -1 0
303 172 -1 0
316 171 -1 0
315 171 -1 0
314 171 -1 0
313 171 -1 0
312 171 -1 0
311 171 -1 0
310 171 -1 0
309 171 -1 0
308 171 -1 0
307 171 -1 0
306 171 -1 0
305 171 -1 0
304 171 -1 0
303 171 -1 0
302 171 -1 0
316 170 -1 0
315 170 -1 0
314 170 -1 0
313 170 -1 0
312 170 -1 0
311 170 -1 0
310 170 -1 0
309 170 -1 0
308 170 -1 0
307 170 -1 0
306 170 -1 0
305 170 -1 0
304 170 -1 0
303 170 -1 0
302 170 -1 0
301 170 -1 0
315 169 -1 0
314 169 -1 0
313 169 -1 0
312 169 -1 0
311 169 -1 0
310 169 -1 0
309 169 -1 0
308 169 -1 0
307 169 -1 0
306 169 -1 0
305 169 -1 0
304 169 -1 0
303 169 -1 0
302 169 -1 0
301 169 -1 0
300 169 -1 0
299 169 -1 0
298 169 -1 0
314 168 -1 0
313 168 -1 0
312 168 -1 0
311 168 -1 0
310 168 -1 0
309 168 -1 0
308 168 -1 0
307 168 -1 0
306 168 -1 0
305 168 -1 0
304 168 -1 0
303 168 -1 0
302 168 -1 0
301 168 -1 0
300 168 -1 0
299 168 -1 0
298 168 -1 0
297 168 -1 0
312 167 -1 0
311 167 -1 0
310 167 -1 0
309 167 -1 0
308 167 -1 0
307 167 -1 0
306 167 -1 0
305 167 -1 0
304 167 -1 0
303 167 -1 0
302 167 -1 0
301 167 -1 0
300 167 -1 0
299 167 -1 0
298 167 -1 0
297 167 -1 0
296 167 -1 0
295 167 -1 0
294 167 -1 0
312 166 -1 0
311 166 -1 0
310 166 -1 0
309 166 -1 0
308 166 -1 0
307 166 -1 0
306 166 -1 0
305 166 -1 0
304 166 -1 0
303 166 -1 0
302 166 -1 0
301 166 -1 0
300 166 -1 0
299 166 -1 0
298 166 -1 0
297 166 -1 0
296 166 -1 0
295 166 -1 0
294 166 -1 0
293 166 -1 0
292 166 -1 0
312 165 -1 0
311 165 -1 0
310 165 -1 0
309 165 -1 0
308 165 -1 0
307 165 -1 0
306 165 -1 0
305 165 -1 0
304 165 -1 0
303 165 -1 0
302 165 -1 0
301 165 -1 0
300 165 -1 0
299 165 -1 0
298 165 -1 0
297 165 -1 0
296 165 -1 0
295 165 -1 0
294 165 -1 0
293 165 -1 0
292 165 -1 0
291 165 -1 0
224 165 -1 0
223 165 -1 0
222 165 -1 0
221 165 -1 0
219 165 -1 0
218 165 -1 0
217 165 -1 0
216 165 -1 0
311 164 -1 0
310 164 -1 0
309 164 -1 0
308 164 -1 0
307 164 -1 0
306 164 -1 0
305 164 -1 0
304 164 -1 0
303 164 -1 0
302 164 -1 0
301 164 -1 0
300 164 -1 0
299 164 -1 0
298 164 -1 0
297 164 -1 0
296 164 -1 0
295 164 -1 0
294 164 -1 0
293 164 -1 0
292 164 -1 0
291 164 -1 0
290 164 -1 0
289 164 -1 0
284 164 -1 0
283 164 -1 0
282 164 -1 0
281 164 -1 0
279 164 -1 0
278 164 -1 0
277 164 -1 0
276 164 -1 0
275 164 -1 0
227 164 -1 0
226 164 -1 0
225 164 -1 0
224 164 -1 0
223 164 -1 0
222 164 -1 0
221 164 -1 0
220 164 -1 0
219 164 -1 0
218 164 -1 0
217 164 -1 0
216 164 -1 0
215 164 -1 0
214 164 -1 0
213 164 -1 0
310 163 -1 0
309 163 -1 0
308 163 -1 0
307 163 -1 0
306 163 -1 0
305 163 -1 0
304 163 -1 0
303 163 -1 0
302 163 -1 0
301 163 -1 0
300 163 -1 0
299 163 -1 0
298 163 -1 0
297 163 -1 0
296 163 -1 0
295 163 -1 0
294 163 -1 0
293 163 -1 0
292 163 -1 0
291 163 -1 0
290 163 -1 0
289 163 -1 0
288 163 -1 0
287 163 -1 0
286 163 -1 0
285 163 -1 0
284 163 -1 0
283 163 -1 0
282 163 -1 0
281 163 -1 0
280 163 -1 0
279 163 -1 0
278 163 -1 0
277 163 -1 0
276 163 -1 0
275 163 -1 0
274 163 -1 0
273 163 -1 0
272 163 -1 0
237 163 -1 0
236 163 -1 0
235 163 -1 0
234 163 -1 0
233 163 -1 0
232 163 -1 0
231 163 -1 0
230 163 -1 0
229 163 -1 0
228 163 -1 0
227 163 -1 0
226 163 -1 0
225 163 -1 0
224 163 -1 0
223 163 -1 0
222 163 -1 0
221 163 -1 0
220 163 -1 0
219 163 -1 0
218 163 -1 0
217 163 -1 0
216 163 -1 0
215 163 -1 0
214 163 -1 0
213 163 -1 0
212 163 -1 0
309 162 -1 0
308 162 -1 0
307 162 -1 0
306 162 -1 0
305 162 -1 0
304 162 -1 0
303 162 -1 0
302 162 -1 0
301 162 -1 0
300 162 -1 0
299 162 -1 0
298 162 -1 0
297 162 -1 0
296 162 -1 0
295 162 -1 0
294 162 -1 0
293 162 -1 0
292 162 -1 0
291 162 -1 0
290 162 -1 0
289 162 -1 0
288 162 -1 0
287 162 -1 0
286 162 -1 0
285 162 -1 0
284 162 -1 0
283 162 -1 0
282 162 -1 0
281 162 -1 0
280 162 -1 0
279 162 -1 0
278 162 -1 0
277 162 -1 0
276 162 -1 0
275 162 -1 0
274 162 -1 0
273 162 -1 0
272 162 -1 0
271 162 -1 0
270 162 -1 0
269 162 -1 0
268 162 -1 0
267 162 -1 0
245 162 -1 0
244 162 -1 0
243 162 -1 0
242 162 -1 0
241 162 -1 0
240 162 -1 0
239 162 -1 0
238 162 -1 0
237 162 -1 0
236 162 -1 0
235 162 -1 0
234 162 -1 0
233 162 -1 0
232 162 -1 0
231 162 -1 0
230 162 -1 0
229 162 -1 0
228 162 -1 0
227 162 -1 0
226 162 -1 0
225 162 -1 0
224 162 -1 0
223 162 -1 0
222 162 -1 0
221 162 -1 0
220 162 -1 0
219 162 -1 0
218 162 -1 0
217 162 -1 0
216 162 -1 0
215 162 -1 0
214 162 -1 0
213 162 -1 0
212 162 -1 0
308 161 -1 0
307 161 -1 0
306 161 -1 0
305 161 -1 0
304 161 -1 0
303 161 -1 0
302 161 -1 0
301 161 -1 0
300 161 -1 0
299 161 -1 0
298 161 -1 0
297 161 -1 0
296 161 -1 0
295 161 -1 0
294 161 -1 0
293 161 -1 0
292 161 -1 0
291 161 -1 0
290 161 -1 0
289 161 -1 0
288 161 -1 0
287 161 -1 0
286 161 -1 0
285 161 -1 0
284 161 -1 0
283 161 -1 0
282 161 -1 0
281 161 -1 0
280 161 -1 0
279 161 -1 0
278 161 -1 0
277 161 -1 0
276 161 -1 0
275 161 -1 0
274 161 -1 0
273 161 -1 0
272 161 -1 0
271 161 -1 0
270 161 -1 0
269 161 -1 0
268 161 -1 0
267 161 -1 0
266 161 -1 0
265 161 -1 0
264 161 -1 0
263 161 -1 0
262 161 -1 0
261 161 -1 0
260 161 -1 0
259 161 -1 0
258 161 -1 0
257 161 -1 0
256 161 -1 0
255 161 -1 0
254 161 -1 0
253 161 -1 0
252 161 -1 0
251 161 -1 0
250 161 -1 0
249 161 -1 0
248 161 -1 0
247 161 -1 0
246 161 -1 0
245 161 -1 0
244 161 -1 0
243 161 -1 0
242 161 -1 0
241 161 -1 0
240 161 -1 0
239 161 -1 0
238 161 -1 0
237 161 -1 0
236 161 -1 0
235 161 -1 0
234 161 -1 0
233 161 -1 0
232 161 -1 0
231 161 -1 0
230 161 -1 0
229 161 -1 0
228 161 -1 0
227 161 -1 0
226 161 -1 0
225 161 -1 0
224 161 -1 0
223 161 -1 0
222 161 -1 0
221 161 -1 0
220 161 -1 0
219 161 -1 0
218 161 -1 0
217 161 -1 0
216 161 -1 0
215 161 -1 0
214 161 -1 0
213 161 -1 0
212 161 -1 0
305 160 -1 0
304 160 -1 0
303 160 -1 0
302 160 -1 0
301 160 -1 0
300 160 -1 0
299 160 -1 0
298 160 -1 0
297 160 -1 0
296 160 -1 0
295 160 -1 0
294 160 -1 0
293 160 -1 0
292 160 -1 0
291 160 -1 0
290 160 -1 0
289 160 -1 0
288 160 -1 0
287 160 -1 0
286 160 -1 0
285 160 -1 0
284 160 -1 0
283 160 -1 0
282 160 -1 0
281 160 -1 0
280 160 -1 0
279 160 -1 0
278 160 -1 0
277 160 -1 0
276 160 -1 0
275 160 -1 0
274 160 -1 0
273 160 -1 0
272 160 -1 0
271 160 -1 0
270 160 -1 0
269 160 -1 0
268 160 -1 0
267 160 -1 0
266 160 -1 0
265 160 -1 0
264 160 -1 0
263 160 -1 0
262 160 -1 0
261 160 -1 0
260 160 -1 0
259 160 -1 0
258 160 -1 0
257 160 -1 0
256 160 -1 0
255 160 -1 0
254 160 -1 0
253 160 -1 0
252 160 -1 0
251 160 -1 0
250 160 -1 0
249 160 -1 0
248 160 -1 0
247 160 -1 0
246 160 -1 0
245 160 -1 0
244 160 -1 0
243 160 -1 0
242 160 -1 0
241 160 -1 0
240 160 -1 0
239 160 -1 0
238 160 -1 0
237 160 -1 0
236 160 -1 0
235 160 -1 0
234 160 -1 0
233 160 -1 0
232 160 -1 0
231 160 -1 0
230 160 -1 0
229 160 -1 0
228 160 -1 0
227 160 -1 0
226 160 -1 0
225 160 -1 0
224 160 -1 0
223 160 -1 0
222 160 -1 0
221 160 -1 0
220 160 -1 0
219 160 -1 0
218 160 -1 0
217 160 -1 0
216 160 -1 0
215 160 -1 0
214 160 -1 0
213 160 -1 0
212 160 -1 0
211 160 -1 0
303 159 -1 0
302 159 -1 0
301 159 -1 0
300 159 -1 0
299 159 -1 0
298 159 -1 0
297 159 -1 0
296 159 -1 0
295 159 -1 0
294 159 -1 0
293 159 -1 0
292 159 -1 0
291 159 -1 0
290 159 -1 0
289 159 -1 0
288 159 -1 0
287 159 -1 0
286 159 -1 0
285 159 -1 0
284 159 -1 0
283 159 -1 0
282 159 -1 0
281 159 -1 0
280 159 -1 0
279 159 -1 0
278 159 -1 0
277 159 -1 0
276 159 -1 0
275 159 -1 0
274 159 -1 0
273 159 -1 0
272 159 -1 0
271 159 -1 0
270 159 -1 0
269 159 -1 0
268 159 -1 0
267 159 -1 0
266 159 -1 0
265 159 -1 0
264 159 -1 0
263 159 -1 0
262 159 -1 0
261 159 -1 0
260 159 -1 0
259 159 -1 0
258 159 -1 0
257 159 -1 0
256 159 -1 0
255 159 -1 0
254 159 -1 0
253 159 -1 0
252 159 -1 0
251 159 -1 0
250 159 -1 0
249 159 -1 0
248 159 -1 0
247 159 -1 0
246 159 -1 0
245 159 -1 0
244 159 -1 0
243 159 -1 0
242 159 -1 0
241 159 -1 0
240 159 -1 0
239 159 -1 0
238 159 -1 0
237 159 -1 0
236 159 -1 0
235 159 -1 0
234 159 -1 0
233 159 -1 0
232 159 -1 0
231 159 -1 0
230 159 -1 0
229 159 -1 0
228 159 -1 0
227 159 -1 0
226 159 -1 0
225 159 -1 0
224 159 -1 0
223 159 -1 0
222 159 -1 0
221 159 -1 0
220 159 -1 0
219 159 -1 0
218 159 -1 0
217 159 -1 0
216 159 -1 0
215 159 -1 0
214 159 -1 0
213 159 -1 0
212 159 -1 0
300 158 -1 0
299 158 -1 0
298 158 -1 0
297 158 -1 0
296 158 -1 0
295 158 -1 0
294 158 -1 0
293 158 -1 0
292 158 -1 0
291 158 -1 0
290 158 -1 0
289 158 -1 0
288 158 -1 0
287 158 -1 0
286 158 -1 0
285 158 -1 0
284 158 -1 0
283 158 -1 0
282 158 -1 0
281 158 -1 0
280 158 -1 0
279 158 -1 0
278 158 -1 0
277 158 -1 0
276 158 -1 0
275 158 -1 0
274 158 -1 0
273 158 -1 0
272 158 -1 0
271 158 -1 0
270 158 -1 0
269 158 -1 0
268 158 -1 0
267 158 -1 0
266 158 -1 0
265 158 -1 0
264 158 -1 0
263 158 -1 0
262 158 -1 0
261 158 -1 0
260 158 -1 0
259 158 -1 0
258 158 -1 0
257 158 -1 0
256 158 -1 0
255 158 -1 0
254 158 -1 0
253 158 -1 0
252 158 -1 0
251 158 -1 0
250 158 -1 0
249 158 -1 0
248 158 -1 0
247 158 -1 0
246 158 -1 0
245 158 -1 0
244 158 -1 0
243 158 -1 0
242 158 -1 0
241 158 -1 0
240 158 -1 0
239 158 -1 0
238 158 -1 0
237 158 -1 0
236 158 -1 0
235 158 -1 0
234 158 -1 0
233 158 -1 0
232 158 -1 0
231 158 -1 0
230 158 -1 0
229 158 -1 0
228 158 -1 0
227 158 -1 0
226 158 -1 0
225 158 -1 0
224 158 -1 0
223 158 -1 0
222 158 -1 0
221 158 -1 0
220 158 -1 0
219 158 -1 0
218 158 -1 0
217 158 -1 0
216 158 -1 0
215 158 -1 0
214 158 -1 0
213 158 -1 0
212 158 -1 0
298 157 -1 0
297 157 -1 0
296 157 -1 0
295 157 -1 0
294 157 -1 0
293 157 -1 0
292 157 -1 0
291 157 -1 0
290 157 -1 0
289 157 -1 0
288 157 -1 0
287 157 -1 0
286 157 -1 0
285 157 -1 0
284 157 -1 0
283 157 -1 0
282 157 -1 0
281 157 -1 0
280 157 -1 0
279 157 -1 0
278 157 -1 0
277 157 -1 0
276 157 -1 0
275 157 -1 0
274 157 -1 0
273 157 -1 0
272 157 -1 0
271 157 -1 0
270 157 -1 0
269 157 -1 0
268 157 -1 0
267 157 -1 0
266 157 -1 0
265 157 -1 0
264 157 -1 0
263 157 -1 0
262 157 -1 0
261 157 -1 0
260 157 -1 0
259 157 -1 0
258 157 -1 0
257 157 -1 0
256 157 -1 0
255 157 -1 0
254 157 -1 0
253 157 -1 0
252 157 -1 0
251 157 -1 0
250 157 -1 0
249 157 -1 0
248 157 -1 0
247 157 -1 0
246 157 -1 0
245 157 -1 0
244 157 -1 0
243 157 -1 0
242 157 -1 0
241 157 -1 0
240 157 -1 0
239 157 -1 0
238 157 -1 0
237 157 -1 0
236 157 -1 0
235 157 -1 0
234 157 -1 0
233 157 -1 0
232 157 -1 0
231 157 -1 0
230 157 -1 0
229 157 -1 0
228 157 -1 0
227 157 -1 0
226 157 -1 0
225 157 -1 0
224 157 -1 0
223 157 -1 0
222 157 -1 0
221 157 -1 0
220 157 -1 0
219 157 -1 0
218 157 -1 0
217 157 -1 0
216 157 -1 0
215 157 -1 0
214 157 -1 0
213 157 -1 0
212 157 -1 0
295 156 -1 0
294 156 -1 0
293 156 -1 0
292 156 -1 0
291 156 -1 0
290 156 -1 0
289 156 -1 0
288 156 -1 0
287 156 -1 0
286 156 -1 0
285 156 -1 0
284 156 -1 0
283 156 -1 0
282 156 -1 0
281 156 -1 0
280 156 -1 0
279 156 -1 0
278 156 -1 0
277 156 -1 0
276 156 -1 0
275 156 -1 0
274 156 -1 0
273 156 -1 0
272 156 -1 0
271 156 -1 0
270 156 -1 0
269 156 -1 0
268 156 -1 0
267 156 -1 0
266 156 -1 0
265 156 -1 0
264 156 -1 0
263 156 -1 0
262 156 -1 0
261 156 -1 0
260 156 -1 0
259 156 -1 0
258 156 -1 0
257 156 -1 0
256 156 -1 0
255 156 -1 0
254 156 -1 0
253 156 -1 0
252 156 -1 0
251 156 -1 0
250 156 -1 0
249 156 -1 0
248 156 -1 0
247 156 -1 0
246 156 -1 0
245 156 -1 0
244 156 -1 0
243 156 -1 0
242 156 -1 0
241 156 -1 0
240 156 -1 0
239 156 -1 0
238 156 -1 0
237 156 -1 0
236 156 -1 0
235 156 -1 0
234 156 -1 0
233 156 -1 0
232 156 -1 0
231 156 -1 0
230 156 -1 0
229 156 -1 0
228 156 -1 0
227 156 -1 0
226 156 -1 0
225 156 -1 0
224 156 -1 0
223 156 -1 0
222 156 -1 0
221 156 -1 0
220 156 -1 0
219 156 -1 0
218 156 -1 0
217 156 -1 0
216 156 -1 0
215 156 -1 0
214 156 -1 0
213 156 -1 0
295 155 -1 0
294 155 -1 0
293 155 -1 0
292 155 -1 0
291 155 -1 0
290 155 -1 0
289 155 -1 0
288 155 -1 0
287 155 -1 0
286 155 -1 0
285 155 -1 0
284 155 -1 0
283 155 -1 0
282 155 -1 0
281 155 -1 0
280 155 -1 0
279 155 -1 0
278 155 -1 0
277 155 -1 0
276 155 -1 0
275 155 -1 0
274 155 -1 0
273 155 -1 0
272 155 -1 0
271 155 -1 0
270 155 -1 0
269 155 -1 0
268 155 -1 0
267 155 -1 0
266 155 -1 0
265 155 -1 0
264 155 -1 0
263 155 -1 0
262 155 -1 0
261 155 -1 0
260 155 -1 0
259 155 -1 0
258 155 -1 0
257 155 -1 0
256 155 -1 0
255 155 -1 0
254 155 -1 0
253 155 -1 0
252 155 -1 0
251 155 -1 0
250 155 -1 0
249 155 -1 0
248 155 -1 0
247 155 -1 0
246 155 -1 0
245 155 -1 0
244 155 -1 0
243 155 -1 0
242 155 -1 0
241 155 -1 0
240 155 -1 0
239 155 -1 0
238 155 -1 0
237 155 -1 0
236 155 -1 0
235 155 -1 0
234 155 -1 0
233 155 -1 0
232 155 -1 0
231 155 -1 0
230 155 -1 0
229 155 -1 0
228 155 -1 0
227 155 -1 0
226 155 -1 0
225 155 -1 0
224 155 -1 0
223 155 -1 0
222 155 -1 0
221 155 -1 0
219 155 -1 0
218 155 -1 0
217 155 -1 0
216 155 -1 0
294 154 -1 0
293 154 -1 0
292 154 -1 0
291 154 -1 0
290 154 -1 0
289 154 -1 0
288 154 -1 0
287 154 -1 0
286 154 -1 0
285 154 -1 0
284 154 -1 0
283 154 -1 0
282 154 -1 0
281 154 -1 0
280 154 -1 0
279 154 -1 0
278 154 -1 0
277 154 -1 0
276 154 -1 0
275 154 -1 0
274 154 -1 0
273 154 -1 0
272 154 -1 0
271 154 -1 0
270 154 -1 0
269 154 -1 0
268 154 -1 0
267 154 -1 0
266 154 -1 0
265 154 -1 0
264 154 -1 0
263 154 -1 0
262 154 -1 0
261 154 -1 0
260 154 -1 0
259 154 -1 0
258 154 -1 0
257 154 -1 0
256 154 -1 0
255 154 -1 0
254 154 -1 0
253 154 -1 0
252 154 -1 0
251 154 -1 0
250 154 -1 0
249 154 -1 0
248 154 -1 0
247 154 -1 0
246 154 -1 0
245 154 -1 0
244 154 -1 0
243 154 -1 0
242 154 -1 0
241 154 -1 0
240 154 -1 0
239 154 -1 0
238 154 -1 0
237 154 -1 0
236 154 -1 0
235 154 -1 0
234 154 -1 0
233 154 -1 0
232 154 -1 0
231 154 -1 0
230 154 -1 0
229 154 -1 0
228 154 -1 0
227 154 -1 0
226 154 -1 0
225 154 -1 0
224 154 -1 0
223 154 -1 0
222 154 -1 0
291 153 -1 0
290 153 -1 0
289 153 -1 0
288 153 -1 0
287 153 -1 0
286 153 -1 0
285 153 -1 0
281 153 -1 0
280 153 -1 0
276 153 -1 0
275 153 -1 0
274 153 -1 0
273 153 -1 0
272 153 -1 0
271 153 -1 0
270 153 -1 0
269 153 -1 0
268 153 -1 0
267 153 -1 0
266 153 -1 0
265 153 -1 0
264 153 -1 0
263 153 -1 0
262 153 -1 0
261 153 -1 0
260 153 -1 0
259 153 -1 0
258 153 -1 0
257 153 -1 0
256 153 -1 0
255 153 -1 0
254 153 -1 0
253 153 -1 0
252 153 -1 0
251 153 -1 0
250 153 -1 0
249 153 -1 0
248 153 -1 0
247 153 -1 0
246 153 -1 0
245 153 -1 0
244 153 -1 0
243 153 -1 0
242 153 -1 0
241 153 -1 0
240 153 -1 0
239 153 -1 0
238 153 -1 0
237 153 -1 0
236 153 -1 0
235 153 -1 0
234 153 -1 0
233 153 -1 0
232 153 -1 0
231 153 -1 0
230 153 -1 0
229 153 -1 0
227 153 -1 0
226 153 -1 0
225 153 -1 0
273 152 -1 0
272 152 -1 0
271 152 -1 0
270 152 -1 0
269 152 -1 0
268 152 -1 0
267 152 -1 0
266 152 -1 0
265 152 -1 0
264 152 -1 0
263 152 -1 0
262 152 -1 0
261 152 -1 0
260 152 -1 0
259 152 -1 0
258 152 -1 0
257 152 -1 0
256 152 -1 0
255 152 -1 0
254 152 -1 0
253 152 -1 0
252 152 -1 0
251 152 -1 0
250 152 -1 0
249 152 -1 0
248 152 -1 0
247 152 -1 0
246 152 -1 0
245 152 -1 0
244 152 -1 0
243 152 -1 0
242 152 -1 0
241 152 -1 0
240 152 -1 0
239 152 -1 0
266 151 -1 0
265 151 -1 0
264 151 -1 0
263 151 -1 0
262 151 -1 0
261 151 -1 0
260 151 -1 0
259 151 -1 0
258 151 -1 0
257 151 -1 0
256 151 -1 0
255 151 -1 0
254 151 -1 0
253 151 -1 0
252 151 -1 0
251 151 -1 0
250 151 -1 0
249 151 -1 0
248 151 -1 0
246 151 -1 0
